Induced Winding Voltages at Rated Speed
Air-Gap Position (elec. degrees)
Voltage (V)
0	-213.468321
1	-211.442869
2	-210.456870
3	-210.211421
4	-210.456870
5	-211.442869
6	-213.468321
7	-216.207643
8	-219.244414
9	-222.078307
10	-224.689089
11	-226.169311
12	-227.321758
13	-227.864169
14	-226.513921
15	-224.553643
16	-222.302634
17	-218.961439
18	-215.099024
19	-211.033761
20	-207.265990
21	-204.212147
22	-201.486023
23	-199.499992
24	-197.743821
25	-196.009367
26	-194.951439
27	-193.847970
28	-192.682087
29	-191.418225
30	-190.307160
31	-189.075452
32	-187.583568
33	-185.926646
34	-183.323334
35	-180.274909
36	-177.195802
37	-173.244973
38	-168.918123
39	-164.486260
40	-160.414136
41	-157.101285
42	-154.151213
43	-151.919816
44	-149.949242
45	-148.034042
46	-146.832679
47	-145.630950
48	-144.428801
49	-143.226197
50	-142.321210
51	-141.378855
52	-140.405261
53	-139.430218
54	-138.453536
55	-137.474627
56	-136.522430
57	-135.602633
58	-134.379998
59	-133.151179
60	-131.914530
61	-130.669034
62	-128.698508
63	-126.658658
64	-124.341990
65	-121.285970
66	-117.839952
67	-113.597317
68	-108.939592
69	-104.294232
70	-99.883278
71	-96.124513
72	-92.130431
73	-88.415795
74	-84.699560
75	-80.700282
76	-76.894844
77	-72.196072
78	-66.959622
79	-61.704255
80	-56.855824
81	-52.794909
82	-48.401117
83	-44.732323
84	-41.063410
85	-36.614149
86	-32.495159
87	-27.588314
88	-22.274140
89	-16.978456
90	-12.219961
91	-8.212051
92	-3.965211
93	0.000000
94	3.965211
95	8.212051
96	12.219961
97	16.978456
98	22.274140
99	27.588314
100	32.495159
101	36.614149
102	41.063410
103	44.732323
104	48.401117
105	52.794909
106	56.855824
107	61.704255
108	66.959622
109	72.196072
110	76.894844
111	80.700282
112	84.699560
113	88.415795
114	92.130431
115	96.124513
116	99.883278
117	104.294232
118	108.939592
119	113.597317
120	117.839952
121	121.285970
122	124.341990
123	126.658658
124	128.698508
125	130.669034
126	131.914530
127	133.151179
128	134.379998
129	135.602633
130	136.522430
131	137.474627
132	138.453536
133	139.430218
134	140.405261
135	141.378855
136	142.321210
137	143.226197
138	144.428801
139	145.630950
140	146.832679
141	148.034042
142	149.949242
143	151.919816
144	154.151213
145	157.101285
146	160.414136
147	164.486260
148	168.918123
149	173.244973
150	177.195802
151	180.274909
152	183.323334
153	185.926646
154	187.583568
155	189.075452
156	190.307160
157	191.418225
158	192.682087
159	193.847970
160	194.951439
161	196.009367
162	197.743821
163	199.499992
164	201.486023
165	204.212147
166	207.265990
167	211.033761
168	215.099024
169	218.961439
170	222.302634
171	224.553643
172	226.513921
173	227.864169
174	227.321758
175	226.169311
176	224.689089
177	222.078307
178	219.244414
179	216.207643
180	213.468321
181	211.442869
182	210.456870
183	210.211421
184	210.456870
185	211.442869
186	213.468321
187	216.207643
188	219.244414
189	222.078307
190	224.689089
191	226.169311
192	227.321758
193	227.864169
194	226.513921
195	224.553643
196	222.302634
197	218.961439
198	215.099024
199	211.033761
200	207.265990
201	204.212147
202	201.486023
203	199.499992
204	197.743821
205	196.009367
206	194.951439
207	193.847970
208	192.682087
209	191.418225
210	190.307160
211	189.075452
212	187.583568
213	185.926646
214	183.323334
215	180.274909
216	177.195802
217	173.244973
218	168.918123
219	164.486260
220	160.414136
221	157.101285
222	154.151213
223	151.919816
224	149.949242
225	148.034042
226	146.832679
227	145.630950
228	144.428801
229	143.226197
230	142.321210
231	141.378855
232	140.405261
233	139.430218
234	138.453536
235	137.474627
236	136.522430
237	135.602633
238	134.379998
239	133.151179
240	131.914530
241	130.669034
242	128.698508
243	126.658658
244	124.341990
245	121.285970
246	117.839952
247	113.597317
248	108.939592
249	104.294232
250	99.883278
251	96.124513
252	92.130431
253	88.415795
254	84.699560
255	80.700282
256	76.894844
257	72.196072
258	66.959622
259	61.704255
260	56.855824
261	52.794909
262	48.401117
263	44.732323
264	41.063410
265	36.614149
266	32.495159
267	27.588314
268	22.274140
269	16.978456
270	12.219961
271	8.212051
272	3.965211
273	0.000000
274	-3.965211
275	-8.212051
276	-12.219961
277	-16.978456
278	-22.274140
279	-27.588314
280	-32.495159
281	-36.614149
282	-41.063410
283	-44.732323
284	-48.401117
285	-52.794909
286	-56.855824
287	-61.704255
288	-66.959622
289	-72.196072
290	-76.894844
291	-80.700282
292	-84.699560
293	-88.415795
294	-92.130431
295	-96.124513
296	-99.883278
297	-104.294232
298	-108.939592
299	-113.597317
300	-117.839952
301	-121.285970
302	-124.341990
303	-126.658658
304	-128.698508
305	-130.669034
306	-131.914530
307	-133.151179
308	-134.379998
309	-135.602633
310	-136.522430
311	-137.474627
312	-138.453536
313	-139.430218
314	-140.405261
315	-141.378855
316	-142.321210
317	-143.226197
318	-144.428801
319	-145.630950
320	-146.832679
321	-148.034042
322	-149.949242
323	-151.919816
324	-154.151213
325	-157.101285
326	-160.414136
327	-164.486260
328	-168.918123
329	-173.244973
330	-177.195802
331	-180.274909
332	-183.323334
333	-185.926646
334	-187.583568
335	-189.075452
336	-190.307160
337	-191.418225
338	-192.682087
339	-193.847970
340	-194.951439
341	-196.009367
342	-197.743821
343	-199.499992
344	-201.486023
345	-204.212147
346	-207.265990
347	-211.033761
348	-215.099024
349	-218.961439
350	-222.302634
351	-224.553643
352	-226.513921
353	-227.864169
354	-227.321758
355	-226.169311
356	-224.689089
357	-222.078307
358	-219.244414
359	-216.207643
360	-213.468321
Phase Voltage ea
0	-345.382851
1	-342.111903
2	-339.155378
3	-336.870079
4	-334.798860
5	-332.728840
6	-331.308273
7	-329.804960
8	-328.184006
9	-326.372539
10	-324.572367
11	-322.293824
12	-319.452189
13	-316.279964
14	-311.213481
15	-305.253925
16	-299.197478
17	-291.157511
18	-282.058646
19	-272.738016
20	-264.121814
21	-257.007057
22	-249.887140
23	-244.232315
24	-238.807231
25	-232.623516
26	-227.446598
27	-221.436284
28	-214.956227
29	-208.396680
30	-202.527121
31	-197.287503
32	-191.548779
33	-185.926646
34	-179.358123
35	-172.062858
36	-164.975842
37	-156.266517
38	-146.643984
39	-136.897947
40	-127.918977
41	-120.487136
42	-113.087802
43	-107.187493
44	-101.548125
45	-95.239133
46	-89.976855
47	-83.926695
48	-77.469179
49	-71.030126
50	-65.426366
51	-60.678573
52	-55.705701
53	-51.014423
54	-46.323104
55	-41.350114
56	-36.639152
57	-31.308400
58	-25.440405
59	-19.553863
60	-14.074578
61	-9.383064
62	-4.356518
63	-0.000000
64	4.356518
65	9.383064
66	14.074578
67	19.553863
68	25.440405
69	31.308400
70	36.639152
71	41.350114
72	46.323104
73	51.014423
74	55.705701
75	60.678573
76	65.426366
77	71.030126
78	77.469179
79	83.926695
80	89.976855
81	95.239133
82	101.548125
83	107.187493
84	113.087802
85	120.487136
86	127.918977
87	136.897947
88	146.643984
89	156.266517
90	164.975842
91	172.062858
92	179.358123
93	185.926646
94	191.548779
95	197.287503
96	202.527121
97	208.396680
98	214.956227
99	221.436284
100	227.446598
101	232.623516
102	238.807231
103	244.232315
104	249.887140
105	257.007057
106	264.121814
107	272.738016
108	282.058646
109	291.157511
110	299.197478
111	305.253925
112	311.213481
113	316.279964
114	319.452189
115	322.293824
116	324.572367
117	326.372539
118	328.184006
119	329.804960
120	331.308273
121	332.728840
122	334.798860
123	336.870079
124	339.155378
125	342.111903
126	345.382851
127	349.358822
128	353.624412
129	357.680939
130	361.211519
131	363.643937
132	365.775294
133	367.294387
134	366.919182
135	365.932498
136	364.623844
137	362.187637
138	359.527825
139	356.664711
140	354.098669
141	352.246189
142	351.435264
143	351.419808
144	351.895034
145	353.110652
146	355.365575
147	358.334231
148	361.600210
149	364.663198
150	367.502963
151	369.350361
152	370.906903
153	371.853291
154	370.906903
155	369.350361
156	367.502963
157	364.663198
158	361.600210
159	358.334231
160	355.365575
161	353.110652
162	351.895034
163	351.419808
164	351.435264
165	352.246189
166	354.098669
167	356.664711
168	359.527825
169	362.187637
170	364.623844
171	365.932498
172	366.919182
173	367.294387
174	365.775294
175	363.643937
176	361.211519
177	357.680939
178	353.624412
179	349.358822
180	345.382851
181	342.111903
182	339.155378
183	336.870079
184	334.798860
185	332.728840
186	331.308273
187	329.804960
188	328.184006
189	326.372539
190	324.572367
191	322.293824
192	319.452189
193	316.279964
194	311.213481
195	305.253925
196	299.197478
197	291.157511
198	282.058646
199	272.738016
200	264.121814
201	257.007057
202	249.887140
203	244.232315
204	238.807231
205	232.623516
206	227.446598
207	221.436284
208	214.956227
209	208.396680
210	202.527121
211	197.287503
212	191.548779
213	185.926646
214	179.358123
215	172.062858
216	164.975842
217	156.266517
218	146.643984
219	136.897947
220	127.918977
221	120.487136
222	113.087802
223	107.187493
224	101.548125
225	95.239133
226	89.976855
227	83.926695
228	77.469179
229	71.030126
230	65.426366
231	60.678573
232	55.705701
233	51.014423
234	46.323104
235	41.350114
236	36.639152
237	31.308400
238	25.440405
239	19.553863
240	14.074578
241	9.383064
242	4.356518
243	0.000000
244	-4.356518
245	-9.383064
246	-14.074578
247	-19.553863
248	-25.440405
249	-31.308400
250	-36.639152
251	-41.350114
252	-46.323104
253	-51.014423
254	-55.705701
255	-60.678573
256	-65.426366
257	-71.030126
258	-77.469179
259	-83.926695
260	-89.976855
261	-95.239133
262	-101.548125
263	-107.187493
264	-113.087802
265	-120.487136
266	-127.918977
267	-136.897947
268	-146.643984
269	-156.266517
270	-164.975842
271	-172.062858
272	-179.358123
273	-185.926646
274	-191.548779
275	-197.287503
276	-202.527121
277	-208.396680
278	-214.956227
279	-221.436284
280	-227.446598
281	-232.623516
282	-238.807231
283	-244.232315
284	-249.887140
285	-257.007057
286	-264.121814
287	-272.738016
288	-282.058646
289	-291.157511
290	-299.197478
291	-305.253925
292	-311.213481
293	-316.279964
294	-319.452189
295	-322.293824
296	-324.572367
297	-326.372539
298	-328.184006
299	-329.804960
300	-331.308273
301	-332.728840
302	-334.798860
303	-336.870079
304	-339.155378
305	-342.111903
306	-345.382851
307	-349.358822
308	-353.624412
309	-357.680939
310	-361.211519
311	-363.643937
312	-365.775294
313	-367.294387
314	-366.919182
315	-365.932498
316	-364.623844
317	-362.187637
318	-359.527825
319	-356.664711
320	-354.098669
321	-352.246189
322	-351.435264
323	-351.419808
324	-351.895034
325	-353.110652
326	-355.365575
327	-358.334231
328	-361.600210
329	-364.663198
330	-367.502963
331	-369.350361
332	-370.906903
333	-371.853291
334	-370.906903
335	-369.350361
336	-367.502963
337	-364.663198
338	-361.600210
339	-358.334231
340	-355.365575
341	-353.110652
342	-351.895034
343	-351.419808
344	-351.435264
345	-352.246189
346	-354.098669
347	-356.664711
348	-359.527825
349	-362.187637
350	-364.623844
351	-365.932498
352	-366.919182
353	-367.294387
354	-365.775294
355	-363.643937
356	-361.211519
357	-357.680939
358	-353.624412
359	-349.358822
360	-345.382851
Line Voltage eab
