Induced Winding Voltages at Rated Speed
Air-Gap Position (elec. degrees)
Voltage (V)
0	-367.527147
1	-367.523946
2	-367.520007
3	-367.515064
4	-367.508811
5	-367.501070
6	-367.491635
7	-367.480103
8	-367.464927
9	-367.444573
10	-367.418387
11	-367.385257
12	-367.341075
13	-367.281436
14	-367.204681
15	-367.107163
16	-366.982644
17	-366.825957
18	-366.632498
19	-366.392521
20	-366.096851
21	-365.734321
22	-365.284305
23	-364.724001
24	-364.003735
25	-363.031487
26	-361.665008
27	-359.723926
28	-356.775062
29	-353.054395
30	-348.736480
31	-339.918159
32	-330.493550
33	-320.846144
34	-307.162766
35	-292.632820
36	-277.479588
37	-263.828244
38	-252.129980
39	-242.619831
40	-234.757878
41	-229.056566
42	-223.344306
43	-219.049730
44	-215.935355
45	-212.800324
46	-209.638406
47	-206.643732
48	-204.876366
49	-203.062619
50	-201.193327
51	-199.257335
52	-197.234031
53	-195.100627
54	-193.145869
55	-191.250242
56	-188.960632
57	-186.096722
58	-182.225388
59	-177.582649
60	-172.343109
61	-162.603667
62	-152.361165
63	-142.007391
64	-127.618830
65	-112.385070
66	-96.529607
67	-82.178020
68	-69.791455
69	-59.629227
70	-51.120923
71	-44.780010
72	-38.439097
73	-33.500071
74	-29.749850
75	-25.999630
76	-22.249410
77	-18.698487
78	-16.411517
79	-14.013890
80	-11.513624
81	-9.013358
82	-6.513092
83	-4.012826
84	-1.850966
85	0.000000
86	1.850966
87	4.012826
88	6.513092
89	9.013358
90	11.513624
91	14.013890
92	16.411517
93	18.698487
94	22.249410
95	25.999630
96	29.749850
97	33.500071
98	38.439097
99	44.780010
100	51.120923
101	59.629227
102	69.791455
103	82.178020
104	96.529607
105	112.385070
106	127.618830
107	142.007391
108	152.361165
109	162.603667
110	172.343109
111	177.582649
112	182.225388
113	186.096722
114	188.960632
115	191.250242
116	193.145869
117	195.100627
118	197.234031
119	199.257335
120	201.193327
121	203.062619
122	204.876366
123	206.643732
124	209.638406
125	212.800324
126	215.935355
127	219.049730
128	223.344306
129	229.056566
130	234.757878
131	242.619831
132	252.129980
133	263.828244
134	277.479588
135	292.632820
136	307.162766
137	320.846144
138	330.493550
139	339.918159
140	348.736480
141	353.054395
142	356.775062
143	359.723926
144	361.665008
145	363.031487
146	364.003735
147	364.724001
148	365.284305
149	365.734321
150	366.096851
151	366.392521
152	366.632498
153	366.825957
154	366.982644
155	367.107163
156	367.204681
157	367.281436
158	367.341075
159	367.385257
160	367.418387
161	367.444573
162	367.464927
163	367.480103
164	367.491635
165	367.501070
166	367.508811
167	367.515064
168	367.520007
169	367.523946
170	367.527147
171	367.529684
172	367.531601
173	367.532930
174	367.533700
175	367.533948
176	367.533700
177	367.532930
178	367.531601
179	367.529684
180	367.527147
181	367.523946
182	367.520007
183	367.515064
184	367.508811
185	367.501070
186	367.491635
187	367.480103
188	367.464927
189	367.444573
190	367.418387
191	367.385257
192	367.341075
193	367.281436
194	367.204681
195	367.107163
196	366.982644
197	366.825957
198	366.632498
199	366.392521
200	366.096851
201	365.734321
202	365.284305
203	364.724001
204	364.003735
205	363.031487
206	361.665008
207	359.723926
208	356.775062
209	353.054395
210	348.736480
211	339.918159
212	330.493550
213	320.846144
214	307.162766
215	292.632820
216	277.479588
217	263.828244
218	252.129980
219	242.619831
220	234.757878
221	229.056566
222	223.344306
223	219.049730
224	215.935355
225	212.800324
226	209.638406
227	206.643732
228	204.876366
229	203.062619
230	201.193327
231	199.257335
232	197.234031
233	195.100627
234	193.145869
235	191.250242
236	188.960632
237	186.096722
238	182.225388
239	177.582649
240	172.343109
241	162.603667
242	152.361165
243	142.007391
244	127.618830
245	112.385070
246	96.529607
247	82.178020
248	69.791455
249	59.629227
250	51.120923
251	44.780010
252	38.439097
253	33.500071
254	29.749850
255	25.999630
256	22.249410
257	18.698487
258	16.411517
259	14.013890
260	11.513624
261	9.013358
262	6.513092
263	4.012826
264	1.850966
265	0.000000
266	-1.850966
267	-4.012826
268	-6.513092
269	-9.013358
270	-11.513624
271	-14.013890
272	-16.411517
273	-18.698487
274	-22.249410
275	-25.999630
276	-29.749850
277	-33.500071
278	-38.439097
279	-44.780010
280	-51.120923
281	-59.629227
282	-69.791455
283	-82.178020
284	-96.529607
285	-112.385070
286	-127.618830
287	-142.007391
288	-152.361165
289	-162.603667
290	-172.343109
291	-177.582649
292	-182.225388
293	-186.096722
294	-188.960632
295	-191.250242
296	-193.145869
297	-195.100627
298	-197.234031
299	-199.257335
300	-201.193327
301	-203.062619
302	-204.876366
303	-206.643732
304	-209.638406
305	-212.800324
306	-215.935355
307	-219.049730
308	-223.344306
309	-229.056566
310	-234.757878
311	-242.619831
312	-252.129980
313	-263.828244
314	-277.479588
315	-292.632820
316	-307.162766
317	-320.846144
318	-330.493550
319	-339.918159
320	-348.736480
321	-353.054395
322	-356.775062
323	-359.723926
324	-361.665008
325	-363.031487
326	-364.003735
327	-364.724001
328	-365.284305
329	-365.734321
330	-366.096851
331	-366.392521
332	-366.632498
333	-366.825957
334	-366.982644
335	-367.107163
336	-367.204681
337	-367.281436
338	-367.341075
339	-367.385257
340	-367.418387
341	-367.444573
342	-367.464927
343	-367.480103
344	-367.491635
345	-367.501070
346	-367.508811
347	-367.515064
348	-367.520007
349	-367.523946
350	-367.527147
351	-367.529684
352	-367.531601
353	-367.532930
354	-367.533700
355	-367.533948
356	-367.533700
357	-367.532930
358	-367.531601
359	-367.529684
360	-367.527147
Phase Voltage ea
0	-539.870256
1	-530.127613
2	-519.881172
3	-509.522455
4	-495.127640
5	-479.886140
6	-464.021242
7	-449.658124
8	-437.256382
9	-427.073800
10	-418.539310
11	-412.165267
12	-405.780172
13	-400.781506
14	-396.954532
15	-393.106793
16	-389.232055
17	-385.524444
18	-383.044015
19	-380.406411
20	-377.610475
21	-374.747680
22	-371.797397
23	-368.736827
24	-365.854701
25	-363.031487
26	-359.814042
27	-355.711100
28	-350.261970
29	-344.041037
30	-337.222856
31	-325.904269
32	-314.082033
33	-302.147657
34	-284.913356
35	-266.633190
36	-247.729737
37	-230.328173
38	-213.690883
39	-197.839821
40	-183.636955
41	-169.427339
42	-153.552851
43	-136.871710
44	-119.405748
45	-100.415255
46	-82.019576
47	-64.636342
48	-52.515201
49	-40.458952
50	-28.850218
51	-21.674686
52	-15.008643
53	-9.003905
54	-4.185237
55	0.000000
56	4.185237
57	9.003905
58	15.008643
59	21.674686
60	28.850218
61	40.458952
62	52.515201
63	64.636342
64	82.019576
65	100.415255
66	119.405748
67	136.871710
68	153.552851
69	169.427339
70	183.636955
71	197.839821
72	213.690883
73	230.328173
74	247.729737
75	266.633190
76	284.913356
77	302.147657
78	314.082033
79	325.904269
80	337.222856
81	344.041037
82	350.261970
83	355.711100
84	359.814042
85	363.031487
86	365.854701
87	368.736827
88	371.797397
89	374.747680
90	377.610475
91	380.406411
92	383.044015
93	385.524444
94	389.232055
95	393.106793
96	396.954532
97	400.781506
98	405.780172
99	412.165267
100	418.539310
101	427.073800
102	437.256382
103	449.658124
104	464.021242
105	479.886140
106	495.127640
107	509.522455
108	519.881172
109	530.127613
110	539.870256
111	545.112333
112	549.756988
113	553.629652
114	556.494332
115	558.784190
116	560.679569
117	562.633557
118	564.765631
119	566.787019
120	568.720474
121	570.586565
122	572.396373
123	574.158796
124	577.147217
125	580.301395
126	583.426990
127	586.529833
128	590.809233
129	596.501139
130	602.176265
131	610.005088
132	619.471055
133	631.109680
134	644.684269
135	659.739983
136	674.145411
137	687.672101
138	697.126048
139	706.310680
140	714.833331
141	718.788716
142	722.059367
143	724.447927
144	725.668743
145	726.062975
146	725.668743
147	724.447927
148	722.059367
149	718.788716
150	714.833331
151	706.310680
152	697.126048
153	687.672101
154	674.145411
155	659.739983
156	644.684269
157	631.109680
158	619.471055
159	610.005088
160	602.176265
161	596.501139
162	590.809233
163	586.529833
164	583.426990
165	580.301395
166	577.147217
167	574.158796
168	572.396373
169	570.586565
170	568.720474
171	566.787019
172	564.765631
173	562.633557
174	560.679569
175	558.784190
176	556.494332
177	553.629652
178	549.756988
179	545.112333
180	539.870256
181	530.127613
182	519.881172
183	509.522455
184	495.127640
185	479.886140
186	464.021242
187	449.658124
188	437.256382
189	427.073800
190	418.539310
191	412.165267
192	405.780172
193	400.781506
194	396.954532
195	393.106793
196	389.232055
197	385.524444
198	383.044015
199	380.406411
200	377.610475
201	374.747680
202	371.797397
203	368.736827
204	365.854701
205	363.031487
206	359.814042
207	355.711100
208	350.261970
209	344.041037
210	337.222856
211	325.904269
212	314.082033
213	302.147657
214	284.913356
215	266.633190
216	247.729737
217	230.328173
218	213.690883
219	197.839821
220	183.636955
221	169.427339
222	153.552851
223	136.871710
224	119.405748
225	100.415255
226	82.019576
227	64.636342
228	52.515201
229	40.458952
230	28.850218
231	21.674686
232	15.008643
233	9.003905
234	4.185237
235	0.000000
236	-4.185237
237	-9.003905
238	-15.008643
239	-21.674686
240	-28.850218
241	-40.458952
242	-52.515201
243	-64.636342
244	-82.019576
245	-100.415255
246	-119.405748
247	-136.871710
248	-153.552851
249	-169.427339
250	-183.636955
251	-197.839821
252	-213.690883
253	-230.328173
254	-247.729737
255	-266.633190
256	-284.913356
257	-302.147657
258	-314.082033
259	-325.904269
260	-337.222856
261	-344.041037
262	-350.261970
263	-355.711100
264	-359.814042
265	-363.031487
266	-365.854701
267	-368.736827
268	-371.797397
269	-374.747680
270	-377.610475
271	-380.406411
272	-383.044015
273	-385.524444
274	-389.232055
275	-393.106793
276	-396.954532
277	-400.781506
278	-405.780172
279	-412.165267
280	-418.539310
281	-427.073800
282	-437.256382
283	-449.658124
284	-464.021242
285	-479.886140
286	-495.127640
287	-509.522455
288	-519.881172
289	-530.127613
290	-539.870256
291	-545.112333
292	-549.756988
293	-553.629652
294	-556.494332
295	-558.784190
296	-560.679569
297	-562.633557
298	-564.765631
299	-566.787019
300	-568.720474
301	-570.586565
302	-572.396373
303	-574.158796
304	-577.147217
305	-580.301395
306	-583.426990
307	-586.529833
308	-590.809233
309	-596.501139
310	-602.176265
311	-610.005088
312	-619.471055
313	-631.109680
314	-644.684269
315	-659.739983
316	-674.145411
317	-687.672101
318	-697.126048
319	-706.310680
320	-714.833331
321	-718.788716
322	-722.059367
323	-724.447927
324	-725.668743
325	-726.062975
326	-725.668743
327	-724.447927
328	-722.059367
329	-718.788716
330	-714.833331
331	-706.310680
332	-697.126048
333	-687.672101
334	-674.145411
335	-659.739983
336	-644.684269
337	-631.109680
338	-619.471055
339	-610.005088
340	-602.176265
341	-596.501139
342	-590.809233
343	-586.529833
344	-583.426990
345	-580.301395
346	-577.147217
347	-574.158796
348	-572.396373
349	-570.586565
350	-568.720474
351	-566.787019
352	-564.765631
353	-562.633557
354	-560.679569
355	-558.784190
356	-556.494332
357	-553.629652
358	-549.756988
359	-545.112333
360	-539.870256
Line Voltage eab
