Winding Currents under Load 
Air-Gap Position (elec. degrees)
Current (A)
0	-93.5112
1	-93.21
2	-92.8805
3	-92.5226
4	-92.1365
5	-91.7224
6	-91.2804
7	-90.8105
8	-90.313
9	-89.788
10	-89.2356
11	-88.656
12	-88.0494
13	-87.416
14	-86.756
15	-86.0696
16	-85.3569
17	-84.6182
18	-83.8538
19	-83.0638
20	-82.2485
21	-81.4082
22	-80.5431
23	-79.6534
24	-78.7395
25	-77.8015
26	-76.8399
27	-75.8549
28	-74.8468
29	-73.8158
30	-72.7624
31	-71.6868
32	-70.5894
33	-69.4705
34	-68.3304
35	-67.1695
36	-65.9882
37	-64.7867
38	-63.5655
39	-62.325
40	-61.0655
41	-59.7873
42	-58.491
43	-57.1768
44	-55.8452
45	-54.4966
46	-53.1314
47	-51.7501
48	-50.3529
49	-48.9404
50	-47.5131
51	-46.0712
52	-44.6153
53	-43.1458
54	-41.6632
55	-40.1679
56	-38.6603
57	-37.141
58	-35.6104
59	-34.0689
60	-32.517
61	-30.9552
62	-29.384
63	-27.8039
64	-26.2152
65	-24.6186
66	-23.0145
67	-21.4034
68	-19.7858
69	-18.1621
70	-16.5329
71	-14.8987
72	-13.2599
73	-11.6171
74	-9.97076
75	-8.32137
76	-6.66945
77	-5.0155
78	-3.36002
79	-1.70352
80	-0.0464946
81	1.61054
82	3.26709
83	4.92264
84	6.57669
85	8.22874
86	9.87828
87	11.5248
88	13.1678
89	14.8068
90	16.4413
91	18.0708
92	19.6948
93	21.3128
94	22.9243
95	24.5288
96	26.1259
97	27.7149
98	29.2956
99	30.8673
100	32.4296
101	33.982
102	35.5241
103	37.0554
104	38.5754
105	40.0836
106	41.5796
107	43.063
108	44.5332
109	45.9899
110	47.4325
111	48.8607
112	50.2741
113	51.6721
114	53.0544
115	54.4205
116	55.77
117	57.1025
118	58.4177
119	59.7151
120	60.9942
121	62.2548
122	63.4964
123	64.7187
124	65.9213
125	67.1038
126	68.2658
127	69.4071
128	70.5272
129	71.6258
130	72.7027
131	73.7573
132	74.7895
133	75.7989
134	76.7853
135	77.7482
136	78.6875
137	79.6027
138	80.4938
139	81.3603
140	82.202
141	83.0187
142	83.8101
143	84.576
144	85.3161
145	86.0303
146	86.7182
147	87.3797
148	88.0146
149	88.6227
150	89.2038
151	89.7577
152	90.2843
153	90.7833
154	91.2547
155	91.6984
156	92.114
157	92.5017
158	92.8611
159	93.1923
160	93.4951
161	93.7694
162	94.0151
163	94.2322
164	94.4206
165	94.5802
166	94.7111
167	94.813
168	94.8861
169	94.9303
170	94.9456
171	94.9319
172	94.8894
173	94.8179
174	94.7175
175	94.5883
176	94.4303
177	94.2435
178	94.0281
179	93.7839
180	93.5112
181	93.21
182	92.8805
183	92.5226
184	92.1365
185	91.7224
186	91.2804
187	90.8105
188	90.313
189	89.788
190	89.2356
191	88.656
192	88.0494
193	87.416
194	86.756
195	86.0696
196	85.3569
197	84.6182
198	83.8538
199	83.0638
200	82.2485
201	81.4082
202	80.5431
203	79.6534
204	78.7395
205	77.8015
206	76.8399
207	75.8549
208	74.8468
209	73.8158
210	72.7624
211	71.6868
212	70.5894
213	69.4705
214	68.3304
215	67.1695
216	65.9882
217	64.7867
218	63.5655
219	62.325
220	61.0655
221	59.7873
222	58.491
223	57.1768
224	55.8452
225	54.4966
226	53.1314
227	51.7501
228	50.3529
229	48.9404
230	47.5131
231	46.0712
232	44.6153
233	43.1458
234	41.6632
235	40.1679
236	38.6603
237	37.141
238	35.6104
239	34.0689
240	32.517
241	30.9552
242	29.384
243	27.8039
244	26.2152
245	24.6186
246	23.0145
247	21.4034
248	19.7858
249	18.1621
250	16.5329
251	14.8987
252	13.2599
253	11.6171
254	9.97076
255	8.32137
256	6.66945
257	5.0155
258	3.36002
259	1.70352
260	0.0464946
261	-1.61054
262	-3.26709
263	-4.92264
264	-6.57669
265	-8.22874
266	-9.87828
267	-11.5248
268	-13.1678
269	-14.8068
270	-16.4413
271	-18.0708
272	-19.6948
273	-21.3128
274	-22.9243
275	-24.5288
276	-26.1259
277	-27.7149
278	-29.2956
279	-30.8673
280	-32.4296
281	-33.982
282	-35.5241
283	-37.0554
284	-38.5754
285	-40.0836
286	-41.5796
287	-43.063
288	-44.5332
289	-45.9899
290	-47.4325
291	-48.8607
292	-50.2741
293	-51.6721
294	-53.0544
295	-54.4205
296	-55.77
297	-57.1025
298	-58.4177
299	-59.7151
300	-60.9942
301	-62.2548
302	-63.4964
303	-64.7187
304	-65.9213
305	-67.1038
306	-68.2658
307	-69.4071
308	-70.5272
309	-71.6258
310	-72.7027
311	-73.7573
312	-74.7895
313	-75.7989
314	-76.7853
315	-77.7482
316	-78.6875
317	-79.6027
318	-80.4938
319	-81.3603
320	-82.202
321	-83.0187
322	-83.8101
323	-84.576
324	-85.3161
325	-86.0303
326	-86.7182
327	-87.3797
328	-88.0146
329	-88.6227
330	-89.2038
331	-89.7577
332	-90.2843
333	-90.7833
334	-91.2547
335	-91.6984
336	-92.114
337	-92.5017
338	-92.8611
339	-93.1923
340	-93.4951
341	-93.7694
342	-94.0151
343	-94.2322
344	-94.4206
345	-94.5802
346	-94.7111
347	-94.813
348	-94.8861
349	-94.9303
350	-94.9456
351	-94.9319
352	-94.8894
353	-94.8179
354	-94.7175
355	-94.5883
356	-94.4303
357	-94.2435
358	-94.0281
359	-93.7839
360	-93.5112
Phase Current ia
0	32.517
1	30.9552
2	29.384
3	27.8039
4	26.2152
5	24.6186
6	23.0145
7	21.4034
8	19.7858
9	18.1621
10	16.5329
11	14.8987
12	13.2599
13	11.6171
14	9.97076
15	8.32137
16	6.66945
17	5.0155
18	3.36002
19	1.70352
20	0.0464946
21	-1.61054
22	-3.26709
23	-4.92264
24	-6.57669
25	-8.22874
26	-9.87828
27	-11.5248
28	-13.1678
29	-14.8068
30	-16.4413
31	-18.0708
32	-19.6948
33	-21.3128
34	-22.9243
35	-24.5288
36	-26.1259
37	-27.7149
38	-29.2956
39	-30.8673
40	-32.4296
41	-33.982
42	-35.5241
43	-37.0554
44	-38.5754
45	-40.0836
46	-41.5796
47	-43.063
48	-44.5332
49	-45.9899
50	-47.4325
51	-48.8607
52	-50.2741
53	-51.6721
54	-53.0544
55	-54.4205
56	-55.77
57	-57.1025
58	-58.4177
59	-59.7151
60	-60.9942
61	-62.2548
62	-63.4964
63	-64.7187
64	-65.9213
65	-67.1038
66	-68.2658
67	-69.4071
68	-70.5272
69	-71.6258
70	-72.7027
71	-73.7573
72	-74.7895
73	-75.7989
74	-76.7853
75	-77.7482
76	-78.6875
77	-79.6027
78	-80.4938
79	-81.3603
80	-82.202
81	-83.0187
82	-83.8101
83	-84.576
84	-85.3161
85	-86.0303
86	-86.7182
87	-87.3797
88	-88.0146
89	-88.6227
90	-89.2038
91	-89.7577
92	-90.2843
93	-90.7833
94	-91.2547
95	-91.6984
96	-92.114
97	-92.5017
98	-92.8611
99	-93.1923
100	-93.4951
101	-93.7694
102	-94.0151
103	-94.2322
104	-94.4206
105	-94.5802
106	-94.7111
107	-94.813
108	-94.8861
109	-94.9303
110	-94.9456
111	-94.9319
112	-94.8894
113	-94.8179
114	-94.7175
115	-94.5883
116	-94.4303
117	-94.2435
118	-94.0281
119	-93.7839
120	-93.5112
121	-93.21
122	-92.8805
123	-92.5226
124	-92.1365
125	-91.7224
126	-91.2804
127	-90.8105
128	-90.313
129	-89.788
130	-89.2356
131	-88.656
132	-88.0494
133	-87.416
134	-86.756
135	-86.0696
136	-85.3569
137	-84.6182
138	-83.8538
139	-83.0638
140	-82.2485
141	-81.4082
142	-80.5431
143	-79.6534
144	-78.7395
145	-77.8015
146	-76.8399
147	-75.8549
148	-74.8468
149	-73.8158
150	-72.7624
151	-71.6868
152	-70.5894
153	-69.4705
154	-68.3304
155	-67.1695
156	-65.9882
157	-64.7867
158	-63.5655
159	-62.325
160	-61.0655
161	-59.7873
162	-58.491
163	-57.1768
164	-55.8452
165	-54.4966
166	-53.1314
167	-51.7501
168	-50.3529
169	-48.9404
170	-47.5131
171	-46.0712
172	-44.6153
173	-43.1458
174	-41.6632
175	-40.1679
176	-38.6603
177	-37.141
178	-35.6104
179	-34.0689
180	-32.517
181	-30.9552
182	-29.384
183	-27.8039
184	-26.2152
185	-24.6186
186	-23.0145
187	-21.4034
188	-19.7858
189	-18.1621
190	-16.5329
191	-14.8987
192	-13.2599
193	-11.6171
194	-9.97076
195	-8.32137
196	-6.66945
197	-5.0155
198	-3.36002
199	-1.70352
200	-0.0464946
201	1.61054
202	3.26709
203	4.92264
204	6.57669
205	8.22874
206	9.87828
207	11.5248
208	13.1678
209	14.8068
210	16.4413
211	18.0708
212	19.6948
213	21.3128
214	22.9243
215	24.5288
216	26.1259
217	27.7149
218	29.2956
219	30.8673
220	32.4296
221	33.982
222	35.5241
223	37.0554
224	38.5754
225	40.0836
226	41.5796
227	43.063
228	44.5332
229	45.9899
230	47.4325
231	48.8607
232	50.2741
233	51.6721
234	53.0544
235	54.4205
236	55.77
237	57.1025
238	58.4177
239	59.7151
240	60.9942
241	62.2548
242	63.4964
243	64.7187
244	65.9213
245	67.1038
246	68.2658
247	69.4071
248	70.5272
249	71.6258
250	72.7027
251	73.7573
252	74.7895
253	75.7989
254	76.7853
255	77.7482
256	78.6875
257	79.6027
258	80.4938
259	81.3603
260	82.202
261	83.0187
262	83.8101
263	84.576
264	85.3161
265	86.0303
266	86.7182
267	87.3797
268	88.0146
269	88.6227
270	89.2038
271	89.7577
272	90.2843
273	90.7833
274	91.2547
275	91.6984
276	92.114
277	92.5017
278	92.8611
279	93.1923
280	93.4951
281	93.7694
282	94.0151
283	94.2322
284	94.4206
285	94.5802
286	94.7111
287	94.813
288	94.8861
289	94.9303
290	94.9456
291	94.9319
292	94.8894
293	94.8179
294	94.7175
295	94.5883
296	94.4303
297	94.2435
298	94.0281
299	93.7839
300	93.5112
301	93.21
302	92.8805
303	92.5226
304	92.1365
305	91.7224
306	91.2804
307	90.8105
308	90.313
309	89.788
310	89.2356
311	88.656
312	88.0494
313	87.416
314	86.756
315	86.0696
316	85.3569
317	84.6182
318	83.8538
319	83.0638
320	82.2485
321	81.4082
322	80.5431
323	79.6534
324	78.7395
325	77.8015
326	76.8399
327	75.8549
328	74.8468
329	73.8158
330	72.7624
331	71.6868
332	70.5894
333	69.4705
334	68.3304
335	67.1695
336	65.9882
337	64.7867
338	63.5655
339	62.325
340	61.0655
341	59.7873
342	58.491
343	57.1768
344	55.8452
345	54.4966
346	53.1314
347	51.7501
348	50.3529
349	48.9404
350	47.5131
351	46.0712
352	44.6153
353	43.1458
354	41.6632
355	40.1679
356	38.6603
357	37.141
358	35.6104
359	34.0689
360	32.517
Phase Current ib
0	60.9942
1	62.2548
2	63.4964
3	64.7187
4	65.9213
5	67.1038
6	68.2658
7	69.4071
8	70.5272
9	71.6258
10	72.7027
11	73.7573
12	74.7895
13	75.7989
14	76.7853
15	77.7482
16	78.6875
17	79.6027
18	80.4938
19	81.3603
20	82.202
21	83.0187
22	83.8101
23	84.576
24	85.3161
25	86.0303
26	86.7182
27	87.3797
28	88.0146
29	88.6227
30	89.2038
31	89.7577
32	90.2843
33	90.7833
34	91.2547
35	91.6984
36	92.114
37	92.5017
38	92.8611
39	93.1923
40	93.4951
41	93.7694
42	94.0151
43	94.2322
44	94.4206
45	94.5802
46	94.7111
47	94.813
48	94.8861
49	94.9303
50	94.9456
51	94.9319
52	94.8894
53	94.8179
54	94.7175
55	94.5883
56	94.4303
57	94.2435
58	94.0281
59	93.7839
60	93.5112
61	93.21
62	92.8805
63	92.5226
64	92.1365
65	91.7224
66	91.2804
67	90.8105
68	90.313
69	89.788
70	89.2356
71	88.656
72	88.0494
73	87.416
74	86.756
75	86.0696
76	85.3569
77	84.6182
78	83.8538
79	83.0638
80	82.2485
81	81.4082
82	80.5431
83	79.6534
84	78.7395
85	77.8015
86	76.8399
87	75.8549
88	74.8468
89	73.8158
90	72.7624
91	71.6868
92	70.5894
93	69.4705
94	68.3304
95	67.1695
96	65.9882
97	64.7867
98	63.5655
99	62.325
100	61.0655
101	59.7873
102	58.491
103	57.1768
104	55.8452
105	54.4966
106	53.1314
107	51.7501
108	50.3529
109	48.9404
110	47.5131
111	46.0712
112	44.6153
113	43.1458
114	41.6632
115	40.1679
116	38.6603
117	37.141
118	35.6104
119	34.0689
120	32.517
121	30.9552
122	29.384
123	27.8039
124	26.2152
125	24.6186
126	23.0145
127	21.4034
128	19.7858
129	18.1621
130	16.5329
131	14.8987
132	13.2599
133	11.6171
134	9.97076
135	8.32137
136	6.66945
137	5.0155
138	3.36002
139	1.70352
140	0.0464946
141	-1.61054
142	-3.26709
143	-4.92264
144	-6.57669
145	-8.22874
146	-9.87828
147	-11.5248
148	-13.1678
149	-14.8068
150	-16.4413
151	-18.0708
152	-19.6948
153	-21.3128
154	-22.9243
155	-24.5288
156	-26.1259
157	-27.7149
158	-29.2956
159	-30.8673
160	-32.4296
161	-33.982
162	-35.5241
163	-37.0554
164	-38.5754
165	-40.0836
166	-41.5796
167	-43.063
168	-44.5332
169	-45.9899
170	-47.4325
171	-48.8607
172	-50.2741
173	-51.6721
174	-53.0544
175	-54.4205
176	-55.77
177	-57.1025
178	-58.4177
179	-59.7151
180	-60.9942
181	-62.2548
182	-63.4964
183	-64.7187
184	-65.9213
185	-67.1038
186	-68.2658
187	-69.4071
188	-70.5272
189	-71.6258
190	-72.7027
191	-73.7573
192	-74.7895
193	-75.7989
194	-76.7853
195	-77.7482
196	-78.6875
197	-79.6027
198	-80.4938
199	-81.3603
200	-82.202
201	-83.0187
202	-83.8101
203	-84.576
204	-85.3161
205	-86.0303
206	-86.7182
207	-87.3797
208	-88.0146
209	-88.6227
210	-89.2038
211	-89.7577
212	-90.2843
213	-90.7833
214	-91.2547
215	-91.6984
216	-92.114
217	-92.5017
218	-92.8611
219	-93.1923
220	-93.4951
221	-93.7694
222	-94.0151
223	-94.2322
224	-94.4206
225	-94.5802
226	-94.7111
227	-94.813
228	-94.8861
229	-94.9303
230	-94.9456
231	-94.9319
232	-94.8894
233	-94.8179
234	-94.7175
235	-94.5883
236	-94.4303
237	-94.2435
238	-94.0281
239	-93.7839
240	-93.5112
241	-93.21
242	-92.8805
243	-92.5226
244	-92.1365
245	-91.7224
246	-91.2804
247	-90.8105
248	-90.313
249	-89.788
250	-89.2356
251	-88.656
252	-88.0494
253	-87.416
254	-86.756
255	-86.0696
256	-85.3569
257	-84.6182
258	-83.8538
259	-83.0638
260	-82.2485
261	-81.4082
262	-80.5431
263	-79.6534
264	-78.7395
265	-77.8015
266	-76.8399
267	-75.8549
268	-74.8468
269	-73.8158
270	-72.7624
271	-71.6868
272	-70.5894
273	-69.4705
274	-68.3304
275	-67.1695
276	-65.9882
277	-64.7867
278	-63.5655
279	-62.325
280	-61.0655
281	-59.7873
282	-58.491
283	-57.1768
284	-55.8452
285	-54.4966
286	-53.1314
287	-51.7501
288	-50.3529
289	-48.9404
290	-47.5131
291	-46.0712
292	-44.6153
293	-43.1458
294	-41.6632
295	-40.1679
296	-38.6603
297	-37.141
298	-35.6104
299	-34.0689
300	-32.517
301	-30.9552
302	-29.384
303	-27.8039
304	-26.2152
305	-24.6186
306	-23.0145
307	-21.4034
308	-19.7858
309	-18.1621
310	-16.5329
311	-14.8987
312	-13.2599
313	-11.6171
314	-9.97076
315	-8.32137
316	-6.66945
317	-5.0155
318	-3.36002
319	-1.70352
320	-0.0464946
321	1.61054
322	3.26709
323	4.92264
324	6.57669
325	8.22874
326	9.87828
327	11.5248
328	13.1678
329	14.8068
330	16.4413
331	18.0708
332	19.6948
333	21.3128
334	22.9243
335	24.5288
336	26.1259
337	27.7149
338	29.2956
339	30.8673
340	32.4296
341	33.982
342	35.5241
343	37.0554
344	38.5754
345	40.0836
346	41.5796
347	43.063
348	44.5332
349	45.9899
350	47.4325
351	48.8607
352	50.2741
353	51.6721
354	53.0544
355	54.4205
356	55.77
357	57.1025
358	58.4177
359	59.7151
360	60.9942
Phase Current ic
