Winding Voltages under Load 
Air-Gap Position (elec. degrees)
Voltage (V)
0	3.57901
1	37.6634
2	71.5435
3	105.306
4	138.996
5	172.605
6	206.109
7	239.486
8	272.691
9	305.749
10	338.596
11	371.273
12	403.877
13	436.447
14	469.021
15	501.615
16	534.16
17	566.663
18	599.08
19	631.401
20	663.646
21	695.784
22	727.725
23	759.396
24	790.785
25	821.874
26	852.676
27	883.156
28	913.393
29	943.449
30	973.309
31	1002.93
32	1032.31
33	1061.48
34	1090.45
35	1119.21
36	1147.8
37	1176.2
38	1204.31
39	1232.01
40	1259.22
41	1285.97
42	1312.25
43	1338.05
44	1363.4
45	1388.3
46	1412.75
47	1436.68
48	1460
49	1482.65
50	1504.63
51	1525.93
52	1546.54
53	1566.45
54	1585.74
55	1604.5
56	1622.84
57	1640.88
58	1658.68
59	1676.18
60	1693.41
61	1710.37
62	1726.99
63	1743.19
64	1758.9
65	1774.1
66	1788.82
67	1803.06
68	1816.85
69	1830.15
70	1843.01
71	1855.38
72	1867.14
73	1878.24
74	1888.64
75	1898.29
76	1907.27
77	1915.54
78	1923.14
79	1930.07
80	1936.3
81	1941.84
82	1946.77
83	1951.16
84	1955.01
85	1958.31
86	1961.06
87	1963.28
88	1964.87
89	1965.76
90	1965.97
91	1965.52
92	1964.4
93	1962.58
94	1960.05
95	1956.79
96	1952.76
97	1947.98
98	1942.54
99	1936.55
100	1930.08
101	1923.1
102	1915.62
103	1907.64
104	1899.11
105	1890.03
106	1880.42
107	1870.32
108	1859.82
109	1848.98
110	1837.79
111	1826.27
112	1814.41
113	1802.23
114	1789.66
115	1776.57
116	1762.88
117	1748.46
118	1733.24
119	1717.28
120	1700.57
121	1683.1
122	1664.92
123	1646.14
124	1626.82
125	1606.96
126	1586.57
127	1565.62
128	1544.1
129	1522.04
130	1499.41
131	1476.25
132	1452.68
133	1428.75
134	1404.53
135	1380.04
136	1355.24
137	1330.14
138	1304.73
139	1279
140	1253
141	1226.72
142	1200.08
143	1173.02
144	1145.55
145	1117.68
146	1089.43
147	1060.78
148	1031.84
149	1002.68
150	973.309
151	943.693
152	913.857
153	883.852
154	853.695
155	823.401
156	793.029
157	762.574
158	731.958
159	701.072
160	669.858
161	638.37
162	606.599
163	574.565
164	542.317
165	509.875
166	477.24
167	444.375
168	411.201
169	377.677
170	343.82
171	309.632
172	275.136
173	240.319
174	205.278
175	170.14
176	135.012
177	100.04
178	65.2984
179	30.7487
180	-3.57898
181	-37.6634
182	-71.5435
183	-105.306
184	-138.996
185	-172.605
186	-206.109
187	-239.486
188	-272.691
189	-305.749
190	-338.596
191	-371.273
192	-403.878
193	-436.447
194	-469.021
195	-501.615
196	-534.16
197	-566.663
198	-599.08
199	-631.401
200	-663.646
201	-695.784
202	-727.725
203	-759.396
204	-790.785
205	-821.874
206	-852.676
207	-883.156
208	-913.393
209	-943.449
210	-973.309
211	-1002.93
212	-1032.31
213	-1061.48
214	-1090.45
215	-1119.21
216	-1147.8
217	-1176.2
218	-1204.31
219	-1232.01
220	-1259.22
221	-1285.97
222	-1312.25
223	-1338.05
224	-1363.4
225	-1388.3
226	-1412.75
227	-1436.68
228	-1460
229	-1482.65
230	-1504.63
231	-1525.93
232	-1546.54
233	-1566.45
234	-1585.74
235	-1604.5
236	-1622.84
237	-1640.88
238	-1658.68
239	-1676.18
240	-1693.41
241	-1710.37
242	-1726.99
243	-1743.19
244	-1758.9
245	-1774.1
246	-1788.82
247	-1803.06
248	-1816.85
249	-1830.15
250	-1843.01
251	-1855.38
252	-1867.14
253	-1878.24
254	-1888.64
255	-1898.29
256	-1907.27
257	-1915.54
258	-1923.14
259	-1930.07
260	-1936.3
261	-1941.84
262	-1946.77
263	-1951.16
264	-1955.01
265	-1958.31
266	-1961.06
267	-1963.28
268	-1964.87
269	-1965.76
270	-1965.97
271	-1965.52
272	-1964.4
273	-1962.58
274	-1960.05
275	-1956.79
276	-1952.76
277	-1947.98
278	-1942.54
279	-1936.55
280	-1930.08
281	-1923.1
282	-1915.62
283	-1907.64
284	-1899.11
285	-1890.03
286	-1880.42
287	-1870.32
288	-1859.82
289	-1848.98
290	-1837.79
291	-1826.27
292	-1814.41
293	-1802.23
294	-1789.66
295	-1776.57
296	-1762.88
297	-1748.46
298	-1733.24
299	-1717.28
300	-1700.57
301	-1683.1
302	-1664.92
303	-1646.14
304	-1626.82
305	-1606.96
306	-1586.57
307	-1565.62
308	-1544.1
309	-1522.04
310	-1499.41
311	-1476.25
312	-1452.68
313	-1428.75
314	-1404.53
315	-1380.04
316	-1355.24
317	-1330.14
318	-1304.73
319	-1279
320	-1253
321	-1226.72
322	-1200.08
323	-1173.02
324	-1145.55
325	-1117.68
326	-1089.43
327	-1060.78
328	-1031.84
329	-1002.68
330	-973.309
331	-943.693
332	-913.857
333	-883.852
334	-853.695
335	-823.401
336	-793.029
337	-762.574
338	-731.958
339	-701.072
340	-669.858
341	-638.37
342	-606.599
343	-574.565
344	-542.317
345	-509.875
346	-477.24
347	-444.375
348	-411.201
349	-377.677
350	-343.82
351	-309.632
352	-275.136
353	-240.319
354	-205.278
355	-170.14
356	-135.012
357	-100.04
358	-65.2983
359	-30.7487
360	3.57901
Phase Voltage va
0	1696.99
1	1748.03
2	1798.54
3	1848.5
4	1897.89
5	1946.71
6	1994.93
7	2042.55
8	2089.54
9	2135.9
10	2181.61
11	2226.65
12	2271.02
13	2314.69
14	2357.66
15	2399.91
16	2441.43
17	2482.2
18	2522.22
19	2561.47
20	2599.94
21	2637.62
22	2674.5
23	2710.56
24	2745.79
25	2780.19
26	2813.74
27	2846.43
28	2878.26
29	2909.21
30	2939.28
31	2968.44
32	2996.71
33	3024.06
34	3050.49
35	3075.99
36	3100.56
37	3124.18
38	3146.85
39	3168.56
40	3189.3
41	3209.07
42	3227.87
43	3245.68
44	3262.51
45	3278.34
46	3293.17
47	3307
48	3319.82
49	3331.63
50	3342.42
51	3352.2
52	3360.95
53	3368.69
54	3375.39
55	3381.07
56	3385.72
57	3389.33
58	3391.92
59	3393.47
60	3393.98
61	3393.47
62	3391.92
63	3389.33
64	3385.72
65	3381.07
66	3375.39
67	3368.69
68	3360.95
69	3352.2
70	3342.42
71	3331.63
72	3319.82
73	3307
74	3293.17
75	3278.34
76	3262.51
77	3245.68
78	3227.87
79	3209.07
80	3189.3
81	3168.56
82	3146.85
83	3124.18
84	3100.56
85	3075.99
86	3050.49
87	3024.06
88	2996.71
89	2968.44
90	2939.28
91	2909.21
92	2878.26
93	2846.43
94	2813.74
95	2780.19
96	2745.79
97	2710.56
98	2674.5
99	2637.62
100	2599.94
101	2561.47
102	2522.22
103	2482.2
104	2441.43
105	2399.91
106	2357.66
107	2314.69
108	2271.02
109	2226.65
110	2181.61
111	2135.9
112	2089.54
113	2042.55
114	1994.93
115	1946.71
116	1897.89
117	1848.5
118	1798.54
119	1748.03
120	1696.99
121	1645.44
122	1593.38
123	1540.84
124	1487.82
125	1434.36
126	1380.46
127	1326.14
128	1271.41
129	1216.29
130	1160.81
131	1104.97
132	1048.8
133	992.305
134	935.509
135	878.428
136	821.079
137	763.48
138	705.649
139	647.603
140	589.359
141	530.936
142	472.351
143	413.623
144	354.768
145	295.805
146	236.752
147	177.627
148	118.448
149	59.2332
150	-6.59384e-12
151	-59.2332
152	-118.448
153	-177.627
154	-236.752
155	-295.805
156	-354.768
157	-413.623
158	-472.351
159	-530.936
160	-589.359
161	-647.603
162	-705.649
163	-763.48
164	-821.079
165	-878.428
166	-935.509
167	-992.305
168	-1048.8
169	-1104.97
170	-1160.81
171	-1216.29
172	-1271.41
173	-1326.14
174	-1380.46
175	-1434.36
176	-1487.82
177	-1540.84
178	-1593.38
179	-1645.44
180	-1696.99
181	-1748.03
182	-1798.54
183	-1848.5
184	-1897.89
185	-1946.71
186	-1994.93
187	-2042.55
188	-2089.54
189	-2135.9
190	-2181.61
191	-2226.65
192	-2271.02
193	-2314.69
194	-2357.66
195	-2399.91
196	-2441.43
197	-2482.2
198	-2522.22
199	-2561.47
200	-2599.94
201	-2637.62
202	-2674.5
203	-2710.56
204	-2745.79
205	-2780.19
206	-2813.74
207	-2846.43
208	-2878.26
209	-2909.21
210	-2939.28
211	-2968.44
212	-2996.71
213	-3024.06
214	-3050.49
215	-3075.99
216	-3100.56
217	-3124.18
218	-3146.85
219	-3168.56
220	-3189.3
221	-3209.07
222	-3227.87
223	-3245.68
224	-3262.51
225	-3278.34
226	-3293.17
227	-3307
228	-3319.82
229	-3331.63
230	-3342.42
231	-3352.2
232	-3360.95
233	-3368.69
234	-3375.39
235	-3381.07
236	-3385.72
237	-3389.33
238	-3391.92
239	-3393.47
240	-3393.98
241	-3393.47
242	-3391.92
243	-3389.33
244	-3385.72
245	-3381.07
246	-3375.39
247	-3368.69
248	-3360.95
249	-3352.2
250	-3342.42
251	-3331.63
252	-3319.82
253	-3307
254	-3293.17
255	-3278.34
256	-3262.51
257	-3245.68
258	-3227.87
259	-3209.07
260	-3189.3
261	-3168.56
262	-3146.85
263	-3124.18
264	-3100.56
265	-3075.99
266	-3050.49
267	-3024.06
268	-2996.71
269	-2968.44
270	-2939.28
271	-2909.21
272	-2878.26
273	-2846.43
274	-2813.74
275	-2780.19
276	-2745.79
277	-2710.56
278	-2674.5
279	-2637.62
280	-2599.94
281	-2561.47
282	-2522.22
283	-2482.2
284	-2441.43
285	-2399.91
286	-2357.66
287	-2314.69
288	-2271.02
289	-2226.65
290	-2181.61
291	-2135.9
292	-2089.54
293	-2042.55
294	-1994.93
295	-1946.71
296	-1897.89
297	-1848.5
298	-1798.54
299	-1748.03
300	-1696.99
301	-1645.44
302	-1593.38
303	-1540.84
304	-1487.82
305	-1434.36
306	-1380.46
307	-1326.14
308	-1271.41
309	-1216.29
310	-1160.81
311	-1104.97
312	-1048.8
313	-992.305
314	-935.509
315	-878.428
316	-821.079
317	-763.48
318	-705.649
319	-647.603
320	-589.359
321	-530.936
322	-472.351
323	-413.623
324	-354.768
325	-295.805
326	-236.752
327	-177.627
328	-118.448
329	-59.2332
330	1.89857e-11
331	59.2332
332	118.448
333	177.627
334	236.752
335	295.805
336	354.768
337	413.623
338	472.351
339	530.936
340	589.359
341	647.603
342	705.649
343	763.48
344	821.079
345	878.428
346	935.509
347	992.305
348	1048.8
349	1104.97
350	1160.81
351	1216.29
352	1271.41
353	1326.14
354	1380.46
355	1434.36
356	1487.82
357	1540.84
358	1593.38
359	1645.44
360	1696.99
Line Voltage vab
