Winding Currents under Load 
Air-Gap Position (elec. degrees)
Current (A)
0	-97.5451
1	-97.2496
2	-96.9244
3	-96.5697
4	-96.1856
5	-95.7722
6	-95.3296
7	-94.858
8	-94.3575
9	-93.8282
10	-93.2704
11	-92.6841
12	-92.0696
13	-91.4271
14	-90.7567
15	-90.0587
16	-89.3333
17	-88.5806
18	-87.8009
19	-86.9945
20	-86.1616
21	-85.3025
22	-84.4174
23	-83.5065
24	-82.5703
25	-81.6088
26	-80.6226
27	-79.6117
28	-78.5766
29	-77.5176
30	-76.4349
31	-75.329
32	-74.2001
33	-73.0487
34	-71.8749
35	-70.6793
36	-69.4622
37	-68.2239
38	-66.9648
39	-65.6853
40	-64.3858
41	-63.0667
42	-61.7284
43	-60.3712
44	-58.9957
45	-57.6023
46	-56.1912
47	-54.7631
48	-53.3183
49	-51.8572
50	-50.3803
51	-48.8881
52	-47.381
53	-45.8595
54	-44.324
55	-42.775
56	-41.2129
57	-39.6383
58	-38.0517
59	-36.4534
60	-34.8441
61	-33.2241
62	-31.594
63	-29.9543
64	-28.3054
65	-26.648
66	-24.9824
67	-23.3092
68	-21.6289
69	-19.942
70	-18.2491
71	-16.5506
72	-14.847
73	-13.139
74	-11.4269
75	-9.71132
76	-7.9928
77	-6.27185
78	-4.54899
79	-2.82474
80	-1.09963
81	0.62581
82	2.35106
83	4.0756
84	5.79889
85	7.52042
86	9.23966
87	10.9561
88	12.6692
89	14.3784
90	16.0832
91	17.7832
92	19.4777
93	21.1663
94	22.8485
95	24.5237
96	26.1914
97	27.8511
98	29.5024
99	31.1447
100	32.7774
101	34.4002
102	36.0126
103	37.6139
104	39.2038
105	40.7818
106	42.3473
107	43.8999
108	45.4392
109	46.9646
110	48.4757
111	49.972
112	51.4532
113	52.9186
114	54.368
115	55.8007
116	57.2165
117	58.6148
118	59.9953
119	61.3575
120	62.7011
121	64.0255
122	65.3304
123	66.6154
124	67.8802
125	69.1242
126	70.3472
127	71.5488
128	72.7285
129	73.8862
130	75.0213
131	76.1335
132	77.2226
133	78.2882
134	79.3299
135	80.3474
136	81.3405
137	82.3087
138	83.2519
139	84.1698
140	85.062
141	85.9283
142	86.7684
143	87.5821
144	88.3692
145	89.1293
146	89.8622
147	90.5678
148	91.2458
149	91.896
150	92.5182
151	93.1122
152	93.6779
153	94.215
154	94.7234
155	95.203
156	95.6536
157	96.075
158	96.4672
159	96.8299
160	97.1632
161	97.4669
162	97.7409
163	97.9852
164	98.1995
165	98.384
166	98.5385
167	98.663
168	98.7574
169	98.8218
170	98.856
171	98.8602
172	98.8342
173	98.7781
174	98.6919
175	98.5757
176	98.4294
177	98.2532
178	98.047
179	97.811
180	97.5451
181	97.2496
182	96.9244
183	96.5697
184	96.1856
185	95.7722
186	95.3296
187	94.858
188	94.3575
189	93.8282
190	93.2704
191	92.6841
192	92.0696
193	91.4271
194	90.7567
195	90.0587
196	89.3333
197	88.5806
198	87.8009
199	86.9945
200	86.1616
201	85.3025
202	84.4174
203	83.5065
204	82.5703
205	81.6088
206	80.6226
207	79.6117
208	78.5766
209	77.5176
210	76.4349
211	75.329
212	74.2001
213	73.0487
214	71.8749
215	70.6793
216	69.4622
217	68.2239
218	66.9648
219	65.6853
220	64.3858
221	63.0667
222	61.7284
223	60.3712
224	58.9957
225	57.6023
226	56.1912
227	54.7631
228	53.3183
229	51.8572
230	50.3803
231	48.8881
232	47.381
233	45.8595
234	44.324
235	42.775
236	41.2129
237	39.6383
238	38.0517
239	36.4534
240	34.8441
241	33.2241
242	31.594
243	29.9543
244	28.3054
245	26.648
246	24.9824
247	23.3092
248	21.6289
249	19.942
250	18.2491
251	16.5506
252	14.847
253	13.139
254	11.4269
255	9.71132
256	7.9928
257	6.27185
258	4.54899
259	2.82474
260	1.09963
261	-0.62581
262	-2.35106
263	-4.0756
264	-5.79889
265	-7.52042
266	-9.23966
267	-10.9561
268	-12.6692
269	-14.3784
270	-16.0832
271	-17.7832
272	-19.4777
273	-21.1663
274	-22.8485
275	-24.5237
276	-26.1914
277	-27.8511
278	-29.5024
279	-31.1447
280	-32.7774
281	-34.4002
282	-36.0126
283	-37.6139
284	-39.2038
285	-40.7818
286	-42.3473
287	-43.8999
288	-45.4392
289	-46.9646
290	-48.4757
291	-49.972
292	-51.4532
293	-52.9186
294	-54.368
295	-55.8007
296	-57.2165
297	-58.6148
298	-59.9953
299	-61.3575
300	-62.7011
301	-64.0255
302	-65.3304
303	-66.6154
304	-67.8802
305	-69.1242
306	-70.3472
307	-71.5488
308	-72.7285
309	-73.8862
310	-75.0213
311	-76.1335
312	-77.2226
313	-78.2882
314	-79.3299
315	-80.3474
316	-81.3405
317	-82.3087
318	-83.2519
319	-84.1698
320	-85.062
321	-85.9283
322	-86.7684
323	-87.5821
324	-88.3692
325	-89.1293
326	-89.8622
327	-90.5678
328	-91.2458
329	-91.896
330	-92.5182
331	-93.1122
332	-93.6779
333	-94.215
334	-94.7234
335	-95.203
336	-95.6536
337	-96.075
338	-96.4672
339	-96.8299
340	-97.1632
341	-97.4669
342	-97.7409
343	-97.9852
344	-98.1995
345	-98.384
346	-98.5385
347	-98.663
348	-98.7574
349	-98.8218
350	-98.856
351	-98.8602
352	-98.8342
353	-98.7781
354	-98.6919
355	-98.5757
356	-98.4294
357	-98.2532
358	-98.047
359	-97.811
360	-97.5451
Phase Current ia
0	34.8441
1	33.2241
2	31.594
3	29.9543
4	28.3054
5	26.648
6	24.9824
7	23.3092
8	21.6289
9	19.942
10	18.2491
11	16.5506
12	14.847
13	13.139
14	11.4269
15	9.71132
16	7.9928
17	6.27185
18	4.54899
19	2.82474
20	1.09963
21	-0.62581
22	-2.35106
23	-4.0756
24	-5.79889
25	-7.52042
26	-9.23966
27	-10.9561
28	-12.6692
29	-14.3784
30	-16.0832
31	-17.7832
32	-19.4777
33	-21.1663
34	-22.8485
35	-24.5237
36	-26.1914
37	-27.8511
38	-29.5024
39	-31.1447
40	-32.7774
41	-34.4002
42	-36.0126
43	-37.6139
44	-39.2038
45	-40.7818
46	-42.3473
47	-43.8999
48	-45.4392
49	-46.9646
50	-48.4757
51	-49.972
52	-51.4532
53	-52.9186
54	-54.368
55	-55.8007
56	-57.2165
57	-58.6148
58	-59.9953
59	-61.3575
60	-62.7011
61	-64.0255
62	-65.3304
63	-66.6154
64	-67.8802
65	-69.1242
66	-70.3472
67	-71.5488
68	-72.7285
69	-73.8862
70	-75.0213
71	-76.1335
72	-77.2226
73	-78.2882
74	-79.3299
75	-80.3474
76	-81.3405
77	-82.3087
78	-83.2519
79	-84.1698
80	-85.062
81	-85.9283
82	-86.7684
83	-87.5821
84	-88.3692
85	-89.1293
86	-89.8622
87	-90.5678
88	-91.2458
89	-91.896
90	-92.5182
91	-93.1122
92	-93.6779
93	-94.215
94	-94.7234
95	-95.203
96	-95.6536
97	-96.075
98	-96.4672
99	-96.8299
100	-97.1632
101	-97.4669
102	-97.7409
103	-97.9852
104	-98.1995
105	-98.384
106	-98.5385
107	-98.663
108	-98.7574
109	-98.8218
110	-98.856
111	-98.8602
112	-98.8342
113	-98.7781
114	-98.6919
115	-98.5757
116	-98.4294
117	-98.2532
118	-98.047
119	-97.811
120	-97.5451
121	-97.2496
122	-96.9244
123	-96.5697
124	-96.1856
125	-95.7722
126	-95.3296
127	-94.858
128	-94.3575
129	-93.8282
130	-93.2704
131	-92.6841
132	-92.0696
133	-91.4271
134	-90.7567
135	-90.0587
136	-89.3333
137	-88.5806
138	-87.8009
139	-86.9945
140	-86.1616
141	-85.3025
142	-84.4174
143	-83.5065
144	-82.5703
145	-81.6088
146	-80.6226
147	-79.6117
148	-78.5766
149	-77.5176
150	-76.4349
151	-75.329
152	-74.2001
153	-73.0487
154	-71.8749
155	-70.6793
156	-69.4622
157	-68.2239
158	-66.9648
159	-65.6853
160	-64.3858
161	-63.0667
162	-61.7284
163	-60.3712
164	-58.9957
165	-57.6023
166	-56.1912
167	-54.7631
168	-53.3183
169	-51.8572
170	-50.3803
171	-48.8881
172	-47.381
173	-45.8595
174	-44.324
175	-42.775
176	-41.2129
177	-39.6383
178	-38.0517
179	-36.4534
180	-34.8441
181	-33.2241
182	-31.594
183	-29.9543
184	-28.3054
185	-26.648
186	-24.9824
187	-23.3092
188	-21.6289
189	-19.942
190	-18.2491
191	-16.5506
192	-14.847
193	-13.139
194	-11.4269
195	-9.71132
196	-7.9928
197	-6.27185
198	-4.54899
199	-2.82474
200	-1.09963
201	0.62581
202	2.35106
203	4.0756
204	5.79889
205	7.52042
206	9.23966
207	10.9561
208	12.6692
209	14.3784
210	16.0832
211	17.7832
212	19.4777
213	21.1663
214	22.8485
215	24.5237
216	26.1914
217	27.8511
218	29.5024
219	31.1447
220	32.7774
221	34.4002
222	36.0126
223	37.6139
224	39.2038
225	40.7818
226	42.3473
227	43.8999
228	45.4392
229	46.9646
230	48.4757
231	49.972
232	51.4532
233	52.9186
234	54.368
235	55.8007
236	57.2165
237	58.6148
238	59.9953
239	61.3575
240	62.7011
241	64.0255
242	65.3304
243	66.6154
244	67.8802
245	69.1242
246	70.3472
247	71.5488
248	72.7285
249	73.8862
250	75.0213
251	76.1335
252	77.2226
253	78.2882
254	79.3299
255	80.3474
256	81.3405
257	82.3087
258	83.2519
259	84.1698
260	85.062
261	85.9283
262	86.7684
263	87.5821
264	88.3692
265	89.1293
266	89.8622
267	90.5678
268	91.2458
269	91.896
270	92.5182
271	93.1122
272	93.6779
273	94.215
274	94.7234
275	95.203
276	95.6536
277	96.075
278	96.4672
279	96.8299
280	97.1632
281	97.4669
282	97.7409
283	97.9852
284	98.1995
285	98.384
286	98.5385
287	98.663
288	98.7574
289	98.8218
290	98.856
291	98.8602
292	98.8342
293	98.7781
294	98.6919
295	98.5757
296	98.4294
297	98.2532
298	98.047
299	97.811
300	97.5451
301	97.2496
302	96.9244
303	96.5697
304	96.1856
305	95.7722
306	95.3296
307	94.858
308	94.3575
309	93.8282
310	93.2704
311	92.6841
312	92.0696
313	91.4271
314	90.7567
315	90.0587
316	89.3333
317	88.5806
318	87.8009
319	86.9945
320	86.1616
321	85.3025
322	84.4174
323	83.5065
324	82.5703
325	81.6088
326	80.6226
327	79.6117
328	78.5766
329	77.5176
330	76.4349
331	75.329
332	74.2001
333	73.0487
334	71.8749
335	70.6793
336	69.4622
337	68.2239
338	66.9648
339	65.6853
340	64.3858
341	63.0667
342	61.7284
343	60.3712
344	58.9957
345	57.6023
346	56.1912
347	54.7631
348	53.3183
349	51.8572
350	50.3803
351	48.8881
352	47.381
353	45.8595
354	44.324
355	42.775
356	41.2129
357	39.6383
358	38.0517
359	36.4534
360	34.8441
Phase Current ib
0	62.7011
1	64.0255
2	65.3304
3	66.6154
4	67.8802
5	69.1242
6	70.3472
7	71.5488
8	72.7285
9	73.8862
10	75.0213
11	76.1335
12	77.2226
13	78.2882
14	79.3299
15	80.3474
16	81.3405
17	82.3087
18	83.2519
19	84.1698
20	85.062
21	85.9283
22	86.7684
23	87.5821
24	88.3692
25	89.1293
26	89.8622
27	90.5678
28	91.2458
29	91.896
30	92.5182
31	93.1122
32	93.6779
33	94.215
34	94.7234
35	95.203
36	95.6536
37	96.075
38	96.4672
39	96.8299
40	97.1632
41	97.4669
42	97.7409
43	97.9852
44	98.1995
45	98.384
46	98.5385
47	98.663
48	98.7574
49	98.8218
50	98.856
51	98.8602
52	98.8342
53	98.7781
54	98.6919
55	98.5757
56	98.4294
57	98.2532
58	98.047
59	97.811
60	97.5451
61	97.2496
62	96.9244
63	96.5697
64	96.1856
65	95.7722
66	95.3296
67	94.858
68	94.3575
69	93.8282
70	93.2704
71	92.6841
72	92.0696
73	91.4271
74	90.7567
75	90.0587
76	89.3333
77	88.5806
78	87.8009
79	86.9945
80	86.1616
81	85.3025
82	84.4174
83	83.5065
84	82.5703
85	81.6088
86	80.6226
87	79.6117
88	78.5766
89	77.5176
90	76.4349
91	75.329
92	74.2001
93	73.0487
94	71.8749
95	70.6793
96	69.4622
97	68.2239
98	66.9648
99	65.6853
100	64.3858
101	63.0667
102	61.7284
103	60.3712
104	58.9957
105	57.6023
106	56.1912
107	54.7631
108	53.3183
109	51.8572
110	50.3803
111	48.8881
112	47.381
113	45.8595
114	44.324
115	42.775
116	41.2129
117	39.6383
118	38.0517
119	36.4534
120	34.8441
121	33.2241
122	31.594
123	29.9543
124	28.3054
125	26.648
126	24.9824
127	23.3092
128	21.6289
129	19.942
130	18.2491
131	16.5506
132	14.847
133	13.139
134	11.4269
135	9.71132
136	7.9928
137	6.27185
138	4.54899
139	2.82474
140	1.09963
141	-0.62581
142	-2.35106
143	-4.0756
144	-5.79889
145	-7.52042
146	-9.23966
147	-10.9561
148	-12.6692
149	-14.3784
150	-16.0832
151	-17.7832
152	-19.4777
153	-21.1663
154	-22.8485
155	-24.5237
156	-26.1914
157	-27.8511
158	-29.5024
159	-31.1447
160	-32.7774
161	-34.4002
162	-36.0126
163	-37.6139
164	-39.2038
165	-40.7818
166	-42.3473
167	-43.8999
168	-45.4392
169	-46.9646
170	-48.4757
171	-49.972
172	-51.4532
173	-52.9186
174	-54.368
175	-55.8007
176	-57.2165
177	-58.6148
178	-59.9953
179	-61.3575
180	-62.7011
181	-64.0255
182	-65.3304
183	-66.6154
184	-67.8802
185	-69.1242
186	-70.3472
187	-71.5488
188	-72.7285
189	-73.8862
190	-75.0213
191	-76.1335
192	-77.2226
193	-78.2882
194	-79.3299
195	-80.3474
196	-81.3405
197	-82.3087
198	-83.2519
199	-84.1698
200	-85.062
201	-85.9283
202	-86.7684
203	-87.5821
204	-88.3692
205	-89.1293
206	-89.8622
207	-90.5678
208	-91.2458
209	-91.896
210	-92.5182
211	-93.1122
212	-93.6779
213	-94.215
214	-94.7234
215	-95.203
216	-95.6536
217	-96.075
218	-96.4672
219	-96.8299
220	-97.1632
221	-97.4669
222	-97.7409
223	-97.9852
224	-98.1995
225	-98.384
226	-98.5385
227	-98.663
228	-98.7574
229	-98.8218
230	-98.856
231	-98.8602
232	-98.8342
233	-98.7781
234	-98.6919
235	-98.5757
236	-98.4294
237	-98.2532
238	-98.047
239	-97.811
240	-97.5451
241	-97.2496
242	-96.9244
243	-96.5697
244	-96.1856
245	-95.7722
246	-95.3296
247	-94.858
248	-94.3575
249	-93.8282
250	-93.2704
251	-92.6841
252	-92.0696
253	-91.4271
254	-90.7567
255	-90.0587
256	-89.3333
257	-88.5806
258	-87.8009
259	-86.9945
260	-86.1616
261	-85.3025
262	-84.4174
263	-83.5065
264	-82.5703
265	-81.6088
266	-80.6226
267	-79.6117
268	-78.5766
269	-77.5176
270	-76.4349
271	-75.329
272	-74.2001
273	-73.0487
274	-71.8749
275	-70.6793
276	-69.4622
277	-68.2239
278	-66.9648
279	-65.6853
280	-64.3858
281	-63.0667
282	-61.7284
283	-60.3712
284	-58.9957
285	-57.6023
286	-56.1912
287	-54.7631
288	-53.3183
289	-51.8572
290	-50.3803
291	-48.8881
292	-47.381
293	-45.8595
294	-44.324
295	-42.775
296	-41.2129
297	-39.6383
298	-38.0517
299	-36.4534
300	-34.8441
301	-33.2241
302	-31.594
303	-29.9543
304	-28.3054
305	-26.648
306	-24.9824
307	-23.3092
308	-21.6289
309	-19.942
310	-18.2491
311	-16.5506
312	-14.847
313	-13.139
314	-11.4269
315	-9.71132
316	-7.9928
317	-6.27185
318	-4.54899
319	-2.82474
320	-1.09963
321	0.62581
322	2.35106
323	4.0756
324	5.79889
325	7.52042
326	9.23966
327	10.9561
328	12.6692
329	14.3784
330	16.0832
331	17.7832
332	19.4777
333	21.1663
334	22.8485
335	24.5237
336	26.1914
337	27.8511
338	29.5024
339	31.1447
340	32.7774
341	34.4002
342	36.0126
343	37.6139
344	39.2038
345	40.7818
346	42.3473
347	43.8999
348	45.4392
349	46.9646
350	48.4757
351	49.972
352	51.4532
353	52.9186
354	54.368
355	55.8007
356	57.2165
357	58.6148
358	59.9953
359	61.3575
360	62.7011
Phase Current ic
