PWM Control Signals
Electric Degree
Modulation Index 
0	-1
3	1
6	-1
9	1
12	-1
15	1
18	-1
21	1
24	-1
27	1
30	-1
33	1
36	-1
39	1
42	-1
45	1
48	-1
51	1
54	-1
57	1
60	-1
63	1
66	-1
69	1
72	-1
75	1
78	-1
81	1
84	-1
87	1
90	-1
93	1
96	-1
99	1
102	-1
105	1
108	-1
111	1
114	-1
117	1
120	-1
123	1
126	-1
129	1
132	-1
135	1
138	-1
141	1
144	-1
147	1
150	-1
153	1
156	-1
159	1
162	-1
165	1
168	-1
171	1
174	-1
177	1
180	-1
183	1
186	-1
189	1
192	-1
195	1
198	-1
201	1
204	-1
207	1
210	-1
213	1
216	-1
219	1
222	-1
225	1
228	-1
231	1
234	-1
237	1
240	-1
243	1
246	-1
249	1
252	-1
255	1
258	-1
261	1
264	-1
267	1
270	-1
273	1
276	-1
279	1
282	-1
285	1
288	-1
291	1
294	-1
297	1
300	-1
303	1
306	-1
309	1
312	-1
315	1
318	-1
321	1
324	-1
327	1
330	-1
333	1
336	-1
339	1
342	-1
345	1
348	-1
351	1
354	-1
357	1
360	-1
Carrier (Triangular) Signal
0	0
1	0.0139619
2	0.0279196
3	0.0418688
4	0.0558052
5	0.0697246
6	0.0836228
7	0.0974955
8	0.111338
9	0.125148
10	0.138919
11	0.152647
12	0.166329
13	0.179961
14	0.193538
15	0.207055
16	0.22051
17	0.233897
18	0.247214
19	0.260455
20	0.273616
21	0.286694
22	0.299685
23	0.312585
24	0.325389
25	0.338095
26	0.350697
27	0.363192
28	0.375577
29	0.387848
30	0.4
31	0.41203
32	0.423935
33	0.435711
34	0.447354
35	0.458861
36	0.470228
37	0.481452
38	0.492529
39	0.503456
40	0.51423
41	0.524847
42	0.535304
43	0.545599
44	0.555727
45	0.565685
46	0.575472
47	0.585083
48	0.594516
49	0.603768
50	0.612836
51	0.621717
52	0.630409
53	0.638908
54	0.647214
55	0.655322
56	0.66323
57	0.670936
58	0.678438
59	0.685734
60	0.69282
61	0.699696
62	0.706358
63	0.712805
64	0.719035
65	0.725046
66	0.730836
67	0.736404
68	0.741747
69	0.746864
70	0.751754
71	0.756415
72	0.760845
73	0.765044
74	0.769009
75	0.772741
76	0.776237
77	0.779496
78	0.782518
79	0.785302
80	0.787846
81	0.790151
82	0.792214
83	0.794037
84	0.795618
85	0.796956
86	0.798051
87	0.798904
88	0.799513
89	0.799878
90	0.8
91	0.799878
92	0.799513
93	0.798904
94	0.798051
95	0.796956
96	0.795618
97	0.794037
98	0.792214
99	0.790151
100	0.787846
101	0.785302
102	0.782518
103	0.779496
104	0.776237
105	0.772741
106	0.769009
107	0.765044
108	0.760845
109	0.756415
110	0.751754
111	0.746864
112	0.741747
113	0.736404
114	0.730836
115	0.725046
116	0.719035
117	0.712805
118	0.706358
119	0.699696
120	0.69282
121	0.685734
122	0.678438
123	0.670936
124	0.66323
125	0.655322
126	0.647214
127	0.638908
128	0.630409
129	0.621717
130	0.612836
131	0.603768
132	0.594516
133	0.585083
134	0.575472
135	0.565685
136	0.555727
137	0.545599
138	0.535304
139	0.524847
140	0.51423
141	0.503456
142	0.492529
143	0.481452
144	0.470228
145	0.458861
146	0.447354
147	0.435711
148	0.423935
149	0.41203
150	0.4
151	0.387848
152	0.375577
153	0.363192
154	0.350697
155	0.338095
156	0.325389
157	0.312585
158	0.299685
159	0.286694
160	0.273616
161	0.260455
162	0.247214
163	0.233897
164	0.22051
165	0.207055
166	0.193538
167	0.179961
168	0.166329
169	0.152647
170	0.138919
171	0.125148
172	0.111338
173	0.0974955
174	0.0836228
175	0.0697246
176	0.0558052
177	0.0418688
178	0.0279196
179	0.0139619
180	9.79717e-17
181	-0.0139619
182	-0.0279196
183	-0.0418688
184	-0.0558052
185	-0.0697246
186	-0.0836228
187	-0.0974955
188	-0.111338
189	-0.125148
190	-0.138919
191	-0.152647
192	-0.166329
193	-0.179961
194	-0.193538
195	-0.207055
196	-0.22051
197	-0.233897
198	-0.247214
199	-0.260455
200	-0.273616
201	-0.286694
202	-0.299685
203	-0.312585
204	-0.325389
205	-0.338095
206	-0.350697
207	-0.363192
208	-0.375577
209	-0.387848
210	-0.4
211	-0.41203
212	-0.423935
213	-0.435711
214	-0.447354
215	-0.458861
216	-0.470228
217	-0.481452
218	-0.492529
219	-0.503456
220	-0.51423
221	-0.524847
222	-0.535304
223	-0.545599
224	-0.555727
225	-0.565685
226	-0.575472
227	-0.585083
228	-0.594516
229	-0.603768
230	-0.612836
231	-0.621717
232	-0.630409
233	-0.638908
234	-0.647214
235	-0.655322
236	-0.66323
237	-0.670936
238	-0.678438
239	-0.685734
240	-0.69282
241	-0.699696
242	-0.706358
243	-0.712805
244	-0.719035
245	-0.725046
246	-0.730836
247	-0.736404
248	-0.741747
249	-0.746864
250	-0.751754
251	-0.756415
252	-0.760845
253	-0.765044
254	-0.769009
255	-0.772741
256	-0.776237
257	-0.779496
258	-0.782518
259	-0.785302
260	-0.787846
261	-0.790151
262	-0.792214
263	-0.794037
264	-0.795618
265	-0.796956
266	-0.798051
267	-0.798904
268	-0.799513
269	-0.799878
270	-0.8
271	-0.799878
272	-0.799513
273	-0.798904
274	-0.798051
275	-0.796956
276	-0.795618
277	-0.794037
278	-0.792214
279	-0.790151
280	-0.787846
281	-0.785302
282	-0.782518
283	-0.779496
284	-0.776237
285	-0.772741
286	-0.769009
287	-0.765044
288	-0.760845
289	-0.756415
290	-0.751754
291	-0.746864
292	-0.741747
293	-0.736404
294	-0.730836
295	-0.725046
296	-0.719035
297	-0.712805
298	-0.706358
299	-0.699696
300	-0.69282
301	-0.685734
302	-0.678438
303	-0.670936
304	-0.66323
305	-0.655322
306	-0.647214
307	-0.638908
308	-0.630409
309	-0.621717
310	-0.612836
311	-0.603768
312	-0.594516
313	-0.585083
314	-0.575472
315	-0.565685
316	-0.555727
317	-0.545599
318	-0.535304
319	-0.524847
320	-0.51423
321	-0.503456
322	-0.492529
323	-0.481452
324	-0.470228
325	-0.458861
326	-0.447354
327	-0.435711
328	-0.423935
329	-0.41203
330	-0.4
331	-0.387848
332	-0.375577
333	-0.363192
334	-0.350697
335	-0.338095
336	-0.325389
337	-0.312585
338	-0.299685
339	-0.286694
340	-0.273616
341	-0.260455
342	-0.247214
343	-0.233897
344	-0.22051
345	-0.207055
346	-0.193538
347	-0.179961
348	-0.166329
349	-0.152647
350	-0.138919
351	-0.125148
352	-0.111338
353	-0.0974955
354	-0.0836228
355	-0.0697246
356	-0.0558052
357	-0.0418688
358	-0.0279196
359	-0.0139619
360	-1.95943e-16
Reference Signal of Phase a
0	-0.69282
1	-0.699696
2	-0.706358
3	-0.712805
4	-0.719035
5	-0.725046
6	-0.730836
7	-0.736404
8	-0.741747
9	-0.746864
10	-0.751754
11	-0.756415
12	-0.760845
13	-0.765044
14	-0.769009
15	-0.772741
16	-0.776237
17	-0.779496
18	-0.782518
19	-0.785302
20	-0.787846
21	-0.790151
22	-0.792214
23	-0.794037
24	-0.795618
25	-0.796956
26	-0.798051
27	-0.798904
28	-0.799513
29	-0.799878
30	-0.8
31	-0.799878
32	-0.799513
33	-0.798904
34	-0.798051
35	-0.796956
36	-0.795618
37	-0.794037
38	-0.792214
39	-0.790151
40	-0.787846
41	-0.785302
42	-0.782518
43	-0.779496
44	-0.776237
45	-0.772741
46	-0.769009
47	-0.765044
48	-0.760845
49	-0.756415
50	-0.751754
51	-0.746864
52	-0.741747
53	-0.736404
54	-0.730836
55	-0.725046
56	-0.719035
57	-0.712805
58	-0.706358
59	-0.699696
60	-0.69282
61	-0.685734
62	-0.678438
63	-0.670936
64	-0.66323
65	-0.655322
66	-0.647214
67	-0.638908
68	-0.630409
69	-0.621717
70	-0.612836
71	-0.603768
72	-0.594516
73	-0.585083
74	-0.575472
75	-0.565685
76	-0.555727
77	-0.545599
78	-0.535304
79	-0.524847
80	-0.51423
81	-0.503456
82	-0.492529
83	-0.481452
84	-0.470228
85	-0.458861
86	-0.447354
87	-0.435711
88	-0.423935
89	-0.41203
90	-0.4
91	-0.387848
92	-0.375577
93	-0.363192
94	-0.350697
95	-0.338095
96	-0.325389
97	-0.312585
98	-0.299685
99	-0.286694
100	-0.273616
101	-0.260455
102	-0.247214
103	-0.233897
104	-0.22051
105	-0.207055
106	-0.193538
107	-0.179961
108	-0.166329
109	-0.152647
110	-0.138919
111	-0.125148
112	-0.111338
113	-0.0974955
114	-0.0836228
115	-0.0697246
116	-0.0558052
117	-0.0418688
118	-0.0279196
119	-0.0139619
120	0
121	0.0139619
122	0.0279196
123	0.0418688
124	0.0558052
125	0.0697246
126	0.0836228
127	0.0974955
128	0.111338
129	0.125148
130	0.138919
131	0.152647
132	0.166329
133	0.179961
134	0.193538
135	0.207055
136	0.22051
137	0.233897
138	0.247214
139	0.260455
140	0.273616
141	0.286694
142	0.299685
143	0.312585
144	0.325389
145	0.338095
146	0.350697
147	0.363192
148	0.375577
149	0.387848
150	0.4
151	0.41203
152	0.423935
153	0.435711
154	0.447354
155	0.458861
156	0.470228
157	0.481452
158	0.492529
159	0.503456
160	0.51423
161	0.524847
162	0.535304
163	0.545599
164	0.555727
165	0.565685
166	0.575472
167	0.585083
168	0.594516
169	0.603768
170	0.612836
171	0.621717
172	0.630409
173	0.638908
174	0.647214
175	0.655322
176	0.66323
177	0.670936
178	0.678438
179	0.685734
180	0.69282
181	0.699696
182	0.706358
183	0.712805
184	0.719035
185	0.725046
186	0.730836
187	0.736404
188	0.741747
189	0.746864
190	0.751754
191	0.756415
192	0.760845
193	0.765044
194	0.769009
195	0.772741
196	0.776237
197	0.779496
198	0.782518
199	0.785302
200	0.787846
201	0.790151
202	0.792214
203	0.794037
204	0.795618
205	0.796956
206	0.798051
207	0.798904
208	0.799513
209	0.799878
210	0.8
211	0.799878
212	0.799513
213	0.798904
214	0.798051
215	0.796956
216	0.795618
217	0.794037
218	0.792214
219	0.790151
220	0.787846
221	0.785302
222	0.782518
223	0.779496
224	0.776237
225	0.772741
226	0.769009
227	0.765044
228	0.760845
229	0.756415
230	0.751754
231	0.746864
232	0.741747
233	0.736404
234	0.730836
235	0.725046
236	0.719035
237	0.712805
238	0.706358
239	0.699696
240	0.69282
241	0.685734
242	0.678438
243	0.670936
244	0.66323
245	0.655322
246	0.647214
247	0.638908
248	0.630409
249	0.621717
250	0.612836
251	0.603768
252	0.594516
253	0.585083
254	0.575472
255	0.565685
256	0.555727
257	0.545599
258	0.535304
259	0.524847
260	0.51423
261	0.503456
262	0.492529
263	0.481452
264	0.470228
265	0.458861
266	0.447354
267	0.435711
268	0.423935
269	0.41203
270	0.4
271	0.387848
272	0.375577
273	0.363192
274	0.350697
275	0.338095
276	0.325389
277	0.312585
278	0.299685
279	0.286694
280	0.273616
281	0.260455
282	0.247214
283	0.233897
284	0.22051
285	0.207055
286	0.193538
287	0.179961
288	0.166329
289	0.152647
290	0.138919
291	0.125148
292	0.111338
293	0.0974955
294	0.0836228
295	0.0697246
296	0.0558052
297	0.0418688
298	0.0279196
299	0.0139619
300	-2.573e-16
301	-0.0139619
302	-0.0279196
303	-0.0418688
304	-0.0558052
305	-0.0697246
306	-0.0836228
307	-0.0974955
308	-0.111338
309	-0.125148
310	-0.138919
311	-0.152647
312	-0.166329
313	-0.179961
314	-0.193538
315	-0.207055
316	-0.22051
317	-0.233897
318	-0.247214
319	-0.260455
320	-0.273616
321	-0.286694
322	-0.299685
323	-0.312585
324	-0.325389
325	-0.338095
326	-0.350697
327	-0.363192
328	-0.375577
329	-0.387848
330	-0.4
331	-0.41203
332	-0.423935
333	-0.435711
334	-0.447354
335	-0.458861
336	-0.470228
337	-0.481452
338	-0.492529
339	-0.503456
340	-0.51423
341	-0.524847
342	-0.535304
343	-0.545599
344	-0.555727
345	-0.565685
346	-0.575472
347	-0.585083
348	-0.594516
349	-0.603768
350	-0.612836
351	-0.621717
352	-0.630409
353	-0.638908
354	-0.647214
355	-0.655322
356	-0.66323
357	-0.670936
358	-0.678438
359	-0.685734
360	-0.69282
Reference Signal of Phase b
0	0.69282
1	0.685734
2	0.678438
3	0.670936
4	0.66323
5	0.655322
6	0.647214
7	0.638908
8	0.630409
9	0.621717
10	0.612836
11	0.603768
12	0.594516
13	0.585083
14	0.575472
15	0.565685
16	0.555727
17	0.545599
18	0.535304
19	0.524847
20	0.51423
21	0.503456
22	0.492529
23	0.481452
24	0.470228
25	0.458861
26	0.447354
27	0.435711
28	0.423935
29	0.41203
30	0.4
31	0.387848
32	0.375577
33	0.363192
34	0.350697
35	0.338095
36	0.325389
37	0.312585
38	0.299685
39	0.286694
40	0.273616
41	0.260455
42	0.247214
43	0.233897
44	0.22051
45	0.207055
46	0.193538
47	0.179961
48	0.166329
49	0.152647
50	0.138919
51	0.125148
52	0.111338
53	0.0974955
54	0.0836228
55	0.0697246
56	0.0558052
57	0.0418688
58	0.0279196
59	0.0139619
60	-9.79717e-17
61	-0.0139619
62	-0.0279196
63	-0.0418688
64	-0.0558052
65	-0.0697246
66	-0.0836228
67	-0.0974955
68	-0.111338
69	-0.125148
70	-0.138919
71	-0.152647
72	-0.166329
73	-0.179961
74	-0.193538
75	-0.207055
76	-0.22051
77	-0.233897
78	-0.247214
79	-0.260455
80	-0.273616
81	-0.286694
82	-0.299685
83	-0.312585
84	-0.325389
85	-0.338095
86	-0.350697
87	-0.363192
88	-0.375577
89	-0.387848
90	-0.4
91	-0.41203
92	-0.423935
93	-0.435711
94	-0.447354
95	-0.458861
96	-0.470228
97	-0.481452
98	-0.492529
99	-0.503456
100	-0.51423
101	-0.524847
102	-0.535304
103	-0.545599
104	-0.555727
105	-0.565685
106	-0.575472
107	-0.585083
108	-0.594516
109	-0.603768
110	-0.612836
111	-0.621717
112	-0.630409
113	-0.638908
114	-0.647214
115	-0.655322
116	-0.66323
117	-0.670936
118	-0.678438
119	-0.685734
120	-0.69282
121	-0.699696
122	-0.706358
123	-0.712805
124	-0.719035
125	-0.725046
126	-0.730836
127	-0.736404
128	-0.741747
129	-0.746864
130	-0.751754
131	-0.756415
132	-0.760845
133	-0.765044
134	-0.769009
135	-0.772741
136	-0.776237
137	-0.779496
138	-0.782518
139	-0.785302
140	-0.787846
141	-0.790151
142	-0.792214
143	-0.794037
144	-0.795618
145	-0.796956
146	-0.798051
147	-0.798904
148	-0.799513
149	-0.799878
150	-0.8
151	-0.799878
152	-0.799513
153	-0.798904
154	-0.798051
155	-0.796956
156	-0.795618
157	-0.794037
158	-0.792214
159	-0.790151
160	-0.787846
161	-0.785302
162	-0.782518
163	-0.779496
164	-0.776237
165	-0.772741
166	-0.769009
167	-0.765044
168	-0.760845
169	-0.756415
170	-0.751754
171	-0.746864
172	-0.741747
173	-0.736404
174	-0.730836
175	-0.725046
176	-0.719035
177	-0.712805
178	-0.706358
179	-0.699696
180	-0.69282
181	-0.685734
182	-0.678438
183	-0.670936
184	-0.66323
185	-0.655322
186	-0.647214
187	-0.638908
188	-0.630409
189	-0.621717
190	-0.612836
191	-0.603768
192	-0.594516
193	-0.585083
194	-0.575472
195	-0.565685
196	-0.555727
197	-0.545599
198	-0.535304
199	-0.524847
200	-0.51423
201	-0.503456
202	-0.492529
203	-0.481452
204	-0.470228
205	-0.458861
206	-0.447354
207	-0.435711
208	-0.423935
209	-0.41203
210	-0.4
211	-0.387848
212	-0.375577
213	-0.363192
214	-0.350697
215	-0.338095
216	-0.325389
217	-0.312585
218	-0.299685
219	-0.286694
220	-0.273616
221	-0.260455
222	-0.247214
223	-0.233897
224	-0.22051
225	-0.207055
226	-0.193538
227	-0.179961
228	-0.166329
229	-0.152647
230	-0.138919
231	-0.125148
232	-0.111338
233	-0.0974955
234	-0.0836228
235	-0.0697246
236	-0.0558052
237	-0.0418688
238	-0.0279196
239	-0.0139619
240	0
241	0.0139619
242	0.0279196
243	0.0418688
244	0.0558052
245	0.0697246
246	0.0836228
247	0.0974955
248	0.111338
249	0.125148
250	0.138919
251	0.152647
252	0.166329
253	0.179961
254	0.193538
255	0.207055
256	0.22051
257	0.233897
258	0.247214
259	0.260455
260	0.273616
261	0.286694
262	0.299685
263	0.312585
264	0.325389
265	0.338095
266	0.350697
267	0.363192
268	0.375577
269	0.387848
270	0.4
271	0.41203
272	0.423935
273	0.435711
274	0.447354
275	0.458861
276	0.470228
277	0.481452
278	0.492529
279	0.503456
280	0.51423
281	0.524847
282	0.535304
283	0.545599
284	0.555727
285	0.565685
286	0.575472
287	0.585083
288	0.594516
289	0.603768
290	0.612836
291	0.621717
292	0.630409
293	0.638908
294	0.647214
295	0.655322
296	0.66323
297	0.670936
298	0.678438
299	0.685734
300	0.69282
301	0.699696
302	0.706358
303	0.712805
304	0.719035
305	0.725046
306	0.730836
307	0.736404
308	0.741747
309	0.746864
310	0.751754
311	0.756415
312	0.760845
313	0.765044
314	0.769009
315	0.772741
316	0.776237
317	0.779496
318	0.782518
319	0.785302
320	0.787846
321	0.790151
322	0.792214
323	0.794037
324	0.795618
325	0.796956
326	0.798051
327	0.798904
328	0.799513
329	0.799878
330	0.8
331	0.799878
332	0.799513
333	0.798904
334	0.798051
335	0.796956
336	0.795618
337	0.794037
338	0.792214
339	0.790151
340	0.787846
341	0.785302
342	0.782518
343	0.779496
344	0.776237
345	0.772741
346	0.769009
347	0.765044
348	0.760845
349	0.756415
350	0.751754
351	0.746864
352	0.741747
353	0.736404
354	0.730836
355	0.725046
356	0.719035
357	0.712805
358	0.706358
359	0.699696
360	0.69282
Reference Signal of Phase c
