Winding Voltages under Load 
Air-Gap Position (elec. degrees)
Voltage (V)
0	2.73595
1	35.8212
2	69.0608
3	102.478
4	137.364
5	172.406
6	207.561
7	243.225
8	278.97
9	314.809
10	350.345
11	385.278
12	419.511
13	453.358
14	486.358
15	518.929
16	550.73
17	581.846
18	612.542
19	643.161
20	673.697
21	704.493
22	735.11
23	765.607
24	796.62
25	827.486
26	858.23
27	888.818
28	919.178
29	949.327
30	979.223
31	1008.84
32	1038.18
33	1067.23
34	1095.95
35	1124.32
36	1152.31
37	1179.93
38	1207.16
39	1233.95
40	1260.32
41	1286.2
42	1311.56
43	1336.43
44	1360.13
45	1383.32
46	1406.06
47	1427.9
48	1449.19
49	1469.93
50	1490.46
51	1511.06
52	1531.81
53	1552.38
54	1573.18
55	1593.76
56	1614.44
57	1635.12
58	1655.51
59	1675.21
60	1694.26
61	1712.21
62	1729.48
63	1746.02
64	1760.53
65	1774.3
66	1787.37
67	1799.33
68	1810.57
69	1821.09
70	1831.27
71	1841.38
72	1851.51
73	1861.33
74	1871.3
75	1880.98
76	1890.7
77	1900.36
78	1909.68
79	1918.31
80	1926.25
81	1933.13
82	1939.39
83	1944.95
84	1949.17
85	1952.7
86	1955.51
87	1957.62
88	1959.08
89	1959.89
90	1960.05
91	1959.6
92	1958.53
93	1956.83
94	1954.54
95	1951.68
96	1948.25
97	1944.25
98	1939.69
99	1934.61
100	1928.98
101	1922.87
102	1916.31
103	1909.26
104	1902.37
105	1895.01
106	1887.11
107	1879.1
108	1870.63
109	1861.7
110	1851.96
111	1841.14
112	1829.14
113	1816.31
114	1802.21
115	1787.31
116	1771.28
117	1754.22
118	1736.41
119	1718.25
120	1699.73
121	1681.26
122	1662.44
123	1643.31
124	1625.19
125	1606.77
126	1588.02
127	1569.36
128	1550.38
129	1531.1
130	1511.16
131	1490.25
132	1468.31
133	1445.66
134	1421.87
135	1397.36
136	1371.81
137	1345.33
138	1318.19
139	1290.76
140	1263.06
141	1235.43
142	1207.46
143	1179.23
144	1151.39
145	1123.29
146	1094.98
147	1066.45
148	1037.63
149	1008.56
150	979.223
151	949.609
152	919.734
153	889.602
154	859.199
155	828.512
156	797.543
157	766.311
158	734.807
159	703.013
160	670.961
161	638.598
162	605.912
163	572.945
164	539.054
165	504.896
166	470.548
167	435.591
168	400.389
169	364.955
170	329.653
171	294.767
172	260.404
173	226.243
174	192.721
175	159.398
176	126.611
177	94.2805
178	62.1279
179	29.7787
180	-2.73595
181	-35.8212
182	-69.0608
183	-102.478
184	-137.364
185	-172.406
186	-207.561
187	-243.225
188	-278.97
189	-314.809
190	-350.345
191	-385.278
192	-419.511
193	-453.358
194	-486.358
195	-518.929
196	-550.73
197	-581.846
198	-612.542
199	-643.161
200	-673.697
201	-704.493
202	-735.11
203	-765.607
204	-796.62
205	-827.486
206	-858.23
207	-888.818
208	-919.178
209	-949.327
210	-979.223
211	-1008.84
212	-1038.18
213	-1067.23
214	-1095.95
215	-1124.32
216	-1152.31
217	-1179.93
218	-1207.16
219	-1233.95
220	-1260.32
221	-1286.2
222	-1311.56
223	-1336.43
224	-1360.13
225	-1383.32
226	-1406.06
227	-1427.9
228	-1449.19
229	-1469.93
230	-1490.46
231	-1511.06
232	-1531.81
233	-1552.38
234	-1573.18
235	-1593.76
236	-1614.44
237	-1635.12
238	-1655.51
239	-1675.21
240	-1694.26
241	-1712.21
242	-1729.48
243	-1746.02
244	-1760.53
245	-1774.3
246	-1787.37
247	-1799.33
248	-1810.57
249	-1821.09
250	-1831.27
251	-1841.38
252	-1851.51
253	-1861.33
254	-1871.3
255	-1880.98
256	-1890.7
257	-1900.36
258	-1909.68
259	-1918.31
260	-1926.25
261	-1933.13
262	-1939.39
263	-1944.95
264	-1949.17
265	-1952.7
266	-1955.51
267	-1957.62
268	-1959.08
269	-1959.89
270	-1960.05
271	-1959.6
272	-1958.53
273	-1956.83
274	-1954.54
275	-1951.68
276	-1948.25
277	-1944.25
278	-1939.69
279	-1934.61
280	-1928.98
281	-1922.87
282	-1916.31
283	-1909.26
284	-1902.37
285	-1895.01
286	-1887.11
287	-1879.1
288	-1870.63
289	-1861.7
290	-1851.96
291	-1841.14
292	-1829.14
293	-1816.31
294	-1802.21
295	-1787.31
296	-1771.28
297	-1754.22
298	-1736.41
299	-1718.25
300	-1699.73
301	-1681.26
302	-1662.44
303	-1643.31
304	-1625.19
305	-1606.77
306	-1588.02
307	-1569.36
308	-1550.38
309	-1531.1
310	-1511.16
311	-1490.25
312	-1468.31
313	-1445.66
314	-1421.87
315	-1397.36
316	-1371.81
317	-1345.33
318	-1318.19
319	-1290.76
320	-1263.06
321	-1235.43
322	-1207.46
323	-1179.23
324	-1151.39
325	-1123.29
326	-1094.98
327	-1066.45
328	-1037.63
329	-1008.56
330	-979.223
331	-949.609
332	-919.734
333	-889.602
334	-859.199
335	-828.512
336	-797.543
337	-766.311
338	-734.807
339	-703.013
340	-670.961
341	-638.598
342	-605.912
343	-572.945
344	-539.054
345	-504.896
346	-470.548
347	-435.591
348	-400.389
349	-364.955
350	-329.653
351	-294.767
352	-260.404
353	-226.243
354	-192.721
355	-159.398
356	-126.611
357	-94.2805
358	-62.1279
359	-29.7787
360	2.73595
Phase Voltage va
0	1696.99
1	1748.03
2	1798.54
3	1848.5
4	1897.89
5	1946.71
6	1994.93
7	2042.55
8	2089.54
9	2135.9
10	2181.61
11	2226.65
12	2271.02
13	2314.69
14	2357.66
15	2399.91
16	2441.43
17	2482.2
18	2522.22
19	2561.47
20	2599.94
21	2637.62
22	2674.5
23	2710.56
24	2745.79
25	2780.19
26	2813.74
27	2846.43
28	2878.26
29	2909.21
30	2939.28
31	2968.44
32	2996.71
33	3024.06
34	3050.49
35	3075.99
36	3100.56
37	3124.18
38	3146.85
39	3168.56
40	3189.3
41	3209.07
42	3227.87
43	3245.68
44	3262.51
45	3278.34
46	3293.17
47	3307
48	3319.82
49	3331.63
50	3342.42
51	3352.2
52	3360.95
53	3368.69
54	3375.39
55	3381.07
56	3385.72
57	3389.33
58	3391.92
59	3393.47
60	3393.98
61	3393.47
62	3391.92
63	3389.33
64	3385.72
65	3381.07
66	3375.39
67	3368.69
68	3360.95
69	3352.2
70	3342.42
71	3331.63
72	3319.82
73	3307
74	3293.17
75	3278.34
76	3262.51
77	3245.68
78	3227.87
79	3209.07
80	3189.3
81	3168.56
82	3146.85
83	3124.18
84	3100.56
85	3075.99
86	3050.49
87	3024.06
88	2996.71
89	2968.44
90	2939.28
91	2909.21
92	2878.26
93	2846.43
94	2813.74
95	2780.19
96	2745.79
97	2710.56
98	2674.5
99	2637.62
100	2599.94
101	2561.47
102	2522.22
103	2482.2
104	2441.43
105	2399.91
106	2357.66
107	2314.69
108	2271.02
109	2226.65
110	2181.61
111	2135.9
112	2089.54
113	2042.55
114	1994.93
115	1946.71
116	1897.89
117	1848.5
118	1798.54
119	1748.03
120	1696.99
121	1645.44
122	1593.38
123	1540.84
124	1487.82
125	1434.36
126	1380.46
127	1326.14
128	1271.41
129	1216.29
130	1160.81
131	1104.97
132	1048.8
133	992.305
134	935.509
135	878.428
136	821.079
137	763.48
138	705.649
139	647.603
140	589.359
141	530.936
142	472.351
143	413.623
144	354.768
145	295.805
146	236.752
147	177.627
148	118.448
149	59.2332
150	6.59384e-12
151	-59.2332
152	-118.448
153	-177.627
154	-236.752
155	-295.805
156	-354.768
157	-413.623
158	-472.351
159	-530.936
160	-589.359
161	-647.603
162	-705.649
163	-763.48
164	-821.079
165	-878.428
166	-935.509
167	-992.305
168	-1048.8
169	-1104.97
170	-1160.81
171	-1216.29
172	-1271.41
173	-1326.14
174	-1380.46
175	-1434.36
176	-1487.82
177	-1540.84
178	-1593.38
179	-1645.44
180	-1696.99
181	-1748.03
182	-1798.54
183	-1848.5
184	-1897.89
185	-1946.71
186	-1994.93
187	-2042.55
188	-2089.54
189	-2135.9
190	-2181.61
191	-2226.65
192	-2271.02
193	-2314.69
194	-2357.66
195	-2399.91
196	-2441.43
197	-2482.2
198	-2522.22
199	-2561.47
200	-2599.94
201	-2637.62
202	-2674.5
203	-2710.56
204	-2745.79
205	-2780.19
206	-2813.74
207	-2846.43
208	-2878.26
209	-2909.21
210	-2939.28
211	-2968.44
212	-2996.71
213	-3024.06
214	-3050.49
215	-3075.99
216	-3100.56
217	-3124.18
218	-3146.85
219	-3168.56
220	-3189.3
221	-3209.07
222	-3227.87
223	-3245.68
224	-3262.51
225	-3278.34
226	-3293.17
227	-3307
228	-3319.82
229	-3331.63
230	-3342.42
231	-3352.2
232	-3360.95
233	-3368.69
234	-3375.39
235	-3381.07
236	-3385.72
237	-3389.33
238	-3391.92
239	-3393.47
240	-3393.98
241	-3393.47
242	-3391.92
243	-3389.33
244	-3385.72
245	-3381.07
246	-3375.39
247	-3368.69
248	-3360.95
249	-3352.2
250	-3342.42
251	-3331.63
252	-3319.82
253	-3307
254	-3293.17
255	-3278.34
256	-3262.51
257	-3245.68
258	-3227.87
259	-3209.07
260	-3189.3
261	-3168.56
262	-3146.85
263	-3124.18
264	-3100.56
265	-3075.99
266	-3050.49
267	-3024.06
268	-2996.71
269	-2968.44
270	-2939.28
271	-2909.21
272	-2878.26
273	-2846.43
274	-2813.74
275	-2780.19
276	-2745.79
277	-2710.56
278	-2674.5
279	-2637.62
280	-2599.94
281	-2561.47
282	-2522.22
283	-2482.2
284	-2441.43
285	-2399.91
286	-2357.66
287	-2314.69
288	-2271.02
289	-2226.65
290	-2181.61
291	-2135.9
292	-2089.54
293	-2042.55
294	-1994.93
295	-1946.71
296	-1897.89
297	-1848.5
298	-1798.54
299	-1748.03
300	-1696.99
301	-1645.44
302	-1593.38
303	-1540.84
304	-1487.82
305	-1434.36
306	-1380.46
307	-1326.14
308	-1271.41
309	-1216.29
310	-1160.81
311	-1104.97
312	-1048.8
313	-992.305
314	-935.509
315	-878.428
316	-821.079
317	-763.48
318	-705.649
319	-647.603
320	-589.359
321	-530.936
322	-472.351
323	-413.623
324	-354.768
325	-295.805
326	-236.752
327	-177.627
328	-118.448
329	-59.2332
330	2.01226e-11
331	59.2332
332	118.448
333	177.627
334	236.752
335	295.805
336	354.768
337	413.623
338	472.351
339	530.936
340	589.359
341	647.603
342	705.649
343	763.48
344	821.079
345	878.428
346	935.509
347	992.305
348	1048.8
349	1104.97
350	1160.81
351	1216.29
352	1271.41
353	1326.14
354	1380.46
355	1434.36
356	1487.82
357	1540.84
358	1593.38
359	1645.44
360	1696.99
Line Voltage vab
