Winding Currents under Load 
Air-Gap Position (elec. degrees)
Current (A)
0	-37.2213
1	-37.1493
2	-37.0658
3	-36.9709
4	-36.8648
5	-36.7477
6	-36.6196
7	-36.4806
8	-36.3307
9	-36.17
10	-35.9984
11	-35.8161
12	-35.6228
13	-35.4187
14	-35.2035
15	-34.9774
16	-34.7403
17	-34.4922
18	-34.2331
19	-33.9631
20	-33.6824
21	-33.3912
22	-33.0896
23	-32.7778
24	-32.4563
25	-32.1253
26	-31.7849
27	-31.4355
28	-31.0774
29	-30.7107
30	-30.3353
31	-29.9512
32	-29.5583
33	-29.1567
34	-28.7461
35	-28.3269
36	-27.8988
37	-27.4621
38	-27.0168
39	-26.563
40	-26.1009
41	-25.6307
42	-25.1524
43	-24.6662
44	-24.1725
45	-23.6715
46	-23.1633
47	-22.6484
48	-22.1268
49	-21.5988
50	-21.0644
51	-20.5237
52	-19.9768
53	-19.4237
54	-18.8646
55	-18.2996
56	-17.729
57	-17.1527
58	-16.5712
59	-15.9845
60	-15.3928
61	-14.7962
62	-14.1949
63	-13.5891
64	-12.979
65	-12.3649
66	-11.7469
67	-11.1255
68	-10.5008
69	-9.87299
70	-9.24226
71	-8.60867
72	-7.97235
73	-7.33338
74	-6.69192
75	-6.04819
76	-5.40237
77	-4.75464
78	-4.10526
79	-3.45445
80	-2.80242
81	-2.14932
82	-1.49537
83	-0.840812
84	-0.186085
85	0.468581
86	1.12299
87	1.77655
88	2.42901
89	3.08013
90	3.72985
91	4.37804
92	5.02456
93	5.66935
94	6.3122
95	6.95279
96	7.59087
97	8.22617
98	8.85837
99	9.48731
100	10.1129
101	10.7352
102	11.3542
103	11.9696
104	12.5815
105	13.1898
106	13.7943
107	14.3947
108	14.991
109	15.5829
110	16.1703
111	16.753
112	17.3308
113	17.9037
114	18.4713
115	19.0333
116	19.5897
117	20.14
118	20.684
119	21.2216
120	21.7526
121	22.2772
122	22.795
123	23.3059
124	23.81
125	24.307
126	24.7968
127	25.2793
128	25.7541
129	26.2211
130	26.6804
131	27.1316
132	27.5747
133	28.0095
134	28.4358
135	28.8534
136	29.2622
137	29.6618
138	30.0521
139	30.4329
140	30.8042
141	31.1661
142	31.5185
143	31.8612
144	32.1944
145	32.5181
146	32.8321
147	33.1363
148	33.4307
149	33.715
150	33.9894
151	34.2535
152	34.5071
153	34.7502
154	34.9826
155	35.2039
156	35.4139
157	35.6125
158	35.7994
159	35.9745
160	36.138
161	36.2901
162	36.4307
163	36.56
164	36.6782
165	36.7855
166	36.8818
167	36.9673
168	37.042
169	37.1058
170	37.1588
171	37.2008
172	37.2317
173	37.2515
174	37.26
175	37.2571
176	37.2427
177	37.2168
178	37.1793
179	37.1302
180	37.0696
181	36.9975
182	36.9139
183	36.819
184	36.713
185	36.5959
186	36.4678
187	36.3287
188	36.1788
189	36.0181
190	35.8466
191	35.6642
192	35.471
193	35.2668
194	35.0517
195	34.8256
196	34.5884
197	34.3403
198	34.0812
199	33.8112
200	33.5305
201	33.2393
202	32.9377
203	32.6259
204	32.3044
205	31.9733
206	31.6329
207	31.2836
208	30.9255
209	30.5587
210	30.1833
211	29.7992
212	29.4063
213	29.0046
214	28.5941
215	28.1748
216	27.7468
217	27.3101
218	26.8647
219	26.4109
220	25.9489
221	25.4786
222	25.0003
223	24.5141
224	24.0204
225	23.5194
226	23.0112
227	22.4962
228	21.9746
229	21.4466
230	20.9122
231	20.3715
232	19.8246
233	19.2715
234	18.7124
235	18.1474
236	17.5767
237	17.0005
238	16.4189
239	15.8322
240	15.2406
241	14.644
242	14.0426
243	13.4368
244	12.8267
245	12.2126
246	11.5946
247	10.9732
248	10.3484
249	9.72066
250	9.08992
251	8.45633
252	7.81999
253	7.18103
254	6.53956
255	5.89582
256	5.24999
257	4.60226
258	3.95288
259	3.30207
260	2.65004
261	1.99693
262	1.34298
263	0.688423
264	0.033695
265	-0.620971
266	-1.27538
267	-1.92894
268	-2.5814
269	-3.23252
270	-3.88224
271	-4.53043
272	-5.17695
273	-5.82173
274	-6.46458
275	-7.10517
276	-7.74324
277	-8.37854
278	-9.01073
279	-9.63967
280	-10.2652
281	-10.8876
282	-11.5065
283	-12.1219
284	-12.7339
285	-13.3421
286	-13.9466
287	-14.547
288	-15.1433
289	-15.7352
290	-16.3226
291	-16.9053
292	-17.4831
293	-18.0559
294	-18.6235
295	-19.1856
296	-19.7419
297	-20.2922
298	-20.8362
299	-21.3738
300	-21.9048
301	-22.4293
302	-22.9471
303	-23.4581
304	-23.9621
305	-24.4591
306	-24.949
307	-25.4314
308	-25.9062
309	-26.3732
310	-26.8324
311	-27.2837
312	-27.7267
313	-28.1615
314	-28.5878
315	-29.0055
316	-29.4142
317	-29.8138
318	-30.204
319	-30.5849
320	-30.9562
321	-31.3181
322	-31.6704
323	-32.0131
324	-32.3464
325	-32.67
326	-32.984
327	-33.2882
328	-33.5825
329	-33.8669
330	-34.1412
331	-34.4053
332	-34.659
333	-34.9021
334	-35.1344
335	-35.3557
336	-35.5657
337	-35.7643
338	-35.9511
339	-36.1263
340	-36.2898
341	-36.4418
342	-36.5825
343	-36.7117
344	-36.83
345	-36.9372
346	-37.0335
347	-37.119
348	-37.1937
349	-37.2575
350	-37.3105
351	-37.3525
352	-37.3834
353	-37.4032
354	-37.4117
355	-37.4088
356	-37.3944
357	-37.3685
358	-37.331
359	-37.2819
360	-37.2213
Phase Current ia
0	15.3644
1	14.7679
2	14.1666
3	13.5608
4	12.9507
5	12.3366
6	11.7186
7	11.0972
8	10.4725
9	9.8447
10	9.21397
11	8.58038
12	7.94406
13	7.3051
14	6.66364
15	6.01991
16	5.37409
17	4.72636
18	4.07699
19	3.42618
20	2.77416
21	2.12106
22	1.46712
23	0.812561
24	0.157839
25	-0.496822
26	-1.15123
27	-1.80478
28	-2.45723
29	-3.10835
30	-3.75807
31	-4.40626
32	-5.05277
33	-5.69755
34	-6.34039
35	-6.98098
36	-7.61905
37	-8.25435
38	-8.88654
39	-9.51548
40	-10.141
41	-10.7634
42	-11.3823
43	-11.9977
44	-12.6097
45	-13.2179
46	-13.8224
47	-14.4229
48	-15.0191
49	-15.611
50	-16.1984
51	-16.7811
52	-17.3589
53	-17.9318
54	-18.4993
55	-19.0614
56	-19.6177
57	-20.168
58	-20.7121
59	-21.2497
60	-21.7807
61	-22.3052
62	-22.823
63	-23.334
64	-23.838
65	-24.335
66	-24.8249
67	-25.3073
68	-25.7821
69	-26.2491
70	-26.7084
71	-27.1596
72	-27.6027
73	-28.0375
74	-28.4638
75	-28.8814
76	-29.2902
77	-29.6898
78	-30.08
79	-30.4609
80	-30.8322
81	-31.1941
82	-31.5464
83	-31.8892
84	-32.2224
85	-32.5461
86	-32.8601
87	-33.1643
88	-33.4586
89	-33.743
90	-34.0174
91	-34.2814
92	-34.5351
93	-34.7782
94	-35.0105
95	-35.2319
96	-35.4419
97	-35.6405
98	-35.8274
99	-36.0025
100	-36.166
101	-36.3181
102	-36.4587
103	-36.588
104	-36.7062
105	-36.8135
106	-36.9098
107	-36.9953
108	-37.07
109	-37.1338
110	-37.1868
111	-37.2288
112	-37.2598
113	-37.2795
114	-37.288
115	-37.2851
116	-37.2708
117	-37.2449
118	-37.2074
119	-37.1583
120	-37.0976
121	-37.0255
122	-36.942
123	-36.8471
124	-36.7411
125	-36.624
126	-36.4959
127	-36.3568
128	-36.2069
129	-36.0462
130	-35.8747
131	-35.6924
132	-35.4991
133	-35.2949
134	-35.0798
135	-34.8537
136	-34.6166
137	-34.3685
138	-34.1094
139	-33.8394
140	-33.5587
141	-33.2675
142	-32.9659
143	-32.654
144	-32.3325
145	-32.0015
146	-31.6611
147	-31.3118
148	-30.9537
149	-30.5869
150	-30.2115
151	-29.8274
152	-29.4345
153	-29.0329
154	-28.6223
155	-28.2031
156	-27.775
157	-27.3383
158	-26.893
159	-26.4392
160	-25.9771
161	-25.5068
162	-25.0285
163	-24.5423
164	-24.0486
165	-23.5476
166	-23.0395
167	-22.5245
168	-22.0029
169	-21.4749
170	-20.9405
171	-20.3998
172	-19.8528
173	-19.2998
174	-18.7406
175	-18.1757
176	-17.605
177	-17.0288
178	-16.4472
179	-15.8605
180	-15.2688
181	-14.6722
182	-14.0709
183	-13.4651
184	-12.855
185	-12.2409
186	-11.6229
187	-11.0014
188	-10.3767
189	-9.74893
190	-9.11819
191	-8.48459
192	-7.84825
193	-7.20928
194	-6.56781
195	-5.92408
196	-5.27824
197	-4.63051
198	-3.98113
199	-3.3303
200	-2.67828
201	-2.02516
202	-1.37121
203	-0.716645
204	-0.0619125
205	0.592758
206	1.24717
207	1.90073
208	2.5532
209	3.20433
210	3.85405
211	4.50225
212	5.14877
213	5.79355
214	6.43641
215	7.077
216	7.71508
217	8.35039
218	8.98259
219	9.61153
220	10.2371
221	10.8594
222	11.4784
223	12.0938
224	12.7057
225	13.314
226	13.9185
227	14.519
228	15.1152
229	15.7071
230	16.2945
231	16.8772
232	17.455
233	18.0279
234	18.5955
235	19.1575
236	19.7138
237	20.2641
238	20.8082
239	21.3458
240	21.8768
241	22.4013
242	22.9191
243	23.4301
244	23.9341
245	24.4311
246	24.921
247	25.4034
248	25.8782
249	26.3452
250	26.8045
251	27.2557
252	27.6987
253	28.1335
254	28.5599
255	28.9775
256	29.3862
257	29.7858
258	30.1761
259	30.5569
260	30.9282
261	31.2901
262	31.6424
263	31.9852
264	32.3184
265	32.6421
266	32.9561
267	33.2603
268	33.5546
269	33.839
270	34.1133
271	34.3774
272	34.631
273	34.8741
274	35.1064
275	35.3277
276	35.5378
277	35.7363
278	35.9232
279	36.0983
280	36.2618
281	36.4139
282	36.5545
283	36.6837
284	36.802
285	36.9093
286	37.0056
287	37.091
288	37.1657
289	37.2295
290	37.2825
291	37.3245
292	37.3554
293	37.3752
294	37.3837
295	37.3808
296	37.3664
297	37.3405
298	37.303
299	37.2539
300	37.1932
301	37.1211
302	37.0376
303	36.9427
304	36.8367
305	36.7196
306	36.5914
307	36.4524
308	36.3025
309	36.1417
310	35.9702
311	35.7879
312	35.5946
313	35.3904
314	35.1753
315	34.9492
316	34.7121
317	34.4639
318	34.2048
319	33.9349
320	33.6541
321	33.3629
322	33.0613
323	32.7495
324	32.428
325	32.097
326	31.7566
327	31.4072
328	31.0491
329	30.6823
330	30.3069
331	29.9229
332	29.53
333	29.1283
334	28.7178
335	28.2985
336	27.8705
337	27.4337
338	26.9884
339	26.5346
340	26.0726
341	25.6023
342	25.124
343	24.6378
344	24.1441
345	23.6431
346	23.135
347	22.62
348	22.0984
349	21.5704
350	21.036
351	20.4953
352	19.9484
353	19.3953
354	18.8362
355	18.2712
356	17.7006
357	17.1243
358	16.5428
359	15.9561
360	15.3644
Phase Current ib
0	21.8568
1	22.3814
2	22.8992
3	23.4101
4	23.9141
5	24.4112
6	24.901
7	25.3834
8	25.8582
9	26.3253
10	26.7845
11	27.2357
12	27.6788
13	28.1136
14	28.5399
15	28.9575
16	29.3662
17	29.7658
18	30.1561
19	30.5369
20	30.9083
21	31.2701
22	31.6225
23	31.9652
24	32.2984
25	32.6221
26	32.9361
27	33.2403
28	33.5347
29	33.819
30	34.0933
31	34.3574
32	34.6111
33	34.8542
34	35.0865
35	35.3078
36	35.5179
37	35.7164
38	35.9033
39	36.0785
40	36.242
41	36.394
42	36.5347
43	36.6639
44	36.7822
45	36.8894
46	36.9858
47	37.0712
48	37.1459
49	37.2097
50	37.2627
51	37.3048
52	37.3357
53	37.3554
54	37.3639
55	37.361
56	37.3467
57	37.3208
58	37.2833
59	37.2342
60	37.1735
61	37.1014
62	37.0179
63	36.923
64	36.817
65	36.6999
66	36.5718
67	36.4328
68	36.2828
69	36.1221
70	35.9506
71	35.7683
72	35.575
73	35.3709
74	35.1557
75	34.9296
76	34.6925
77	34.4444
78	34.1853
79	33.9153
80	33.6346
81	33.3434
82	33.0418
83	32.73
84	32.4085
85	32.0775
86	31.7371
87	31.3878
88	31.0296
89	30.6629
90	30.2875
91	29.9034
92	29.5105
93	29.1089
94	28.6984
95	28.2791
96	27.8511
97	27.4143
98	26.969
99	26.5152
100	26.0531
101	25.5829
102	25.1046
103	24.6184
104	24.1247
105	23.6237
106	23.1155
107	22.6006
108	22.079
109	21.551
110	21.0165
111	20.4758
112	19.9289
113	19.3759
114	18.8167
115	18.2518
116	17.6811
117	17.1049
118	16.5234
119	15.9367
120	15.345
121	14.7484
122	14.1471
123	13.5412
124	12.9311
125	12.317
126	11.699
127	11.0776
128	10.4529
129	9.82509
130	9.19435
131	8.56076
132	7.92443
133	7.28546
134	6.64399
135	6.00026
136	5.35443
137	4.70669
138	4.05731
139	3.40649
140	2.75446
141	2.10135
142	1.4474
143	0.792837
144	0.138105
145	-0.516565
146	-1.17098
147	-1.82454
148	-2.47701
149	-3.12813
150	-3.77786
151	-4.42606
152	-5.07258
153	-5.71737
154	-6.36022
155	-7.00082
156	-7.6389
157	-8.2742
158	-8.90641
159	-9.53535
160	-10.1609
161	-10.7833
162	-11.4022
163	-12.0176
164	-12.6296
165	-13.2379
166	-13.8424
167	-14.4428
168	-15.0391
169	-15.6309
170	-16.2183
171	-16.8011
172	-17.3789
173	-17.9517
174	-18.5193
175	-19.0814
176	-19.6377
177	-20.188
178	-20.7321
179	-21.2697
180	-21.8007
181	-22.3252
182	-22.843
183	-23.354
184	-23.858
185	-24.3551
186	-24.8449
187	-25.3273
188	-25.8021
189	-26.2692
190	-26.7284
191	-27.1796
192	-27.6227
193	-28.0575
194	-28.4838
195	-28.9015
196	-29.3102
197	-29.7098
198	-30.1001
199	-30.4809
200	-30.8522
201	-31.2141
202	-31.5665
203	-31.9092
204	-32.2424
205	-32.5661
206	-32.8801
207	-33.1843
208	-33.4787
209	-33.763
210	-34.0373
211	-34.3014
212	-34.5551
213	-34.7982
214	-35.0305
215	-35.2518
216	-35.4619
217	-35.6604
218	-35.8473
219	-36.0225
220	-36.1859
221	-36.338
222	-36.4787
223	-36.6079
224	-36.7261
225	-36.8334
226	-36.9297
227	-37.0152
228	-37.0898
229	-37.1537
230	-37.2067
231	-37.2487
232	-37.2796
233	-37.2993
234	-37.3078
235	-37.3049
236	-37.2906
237	-37.2646
238	-37.2271
239	-37.178
240	-37.1174
241	-37.0453
242	-36.9618
243	-36.8668
244	-36.7608
245	-36.6437
246	-36.5156
247	-36.3765
248	-36.2266
249	-36.0659
250	-35.8944
251	-35.712
252	-35.5187
253	-35.3146
254	-35.0994
255	-34.8733
256	-34.6362
257	-34.3881
258	-34.129
259	-33.859
260	-33.5783
261	-33.287
262	-32.9854
263	-32.6736
264	-32.3521
265	-32.0211
266	-31.6807
267	-31.3313
268	-30.9732
269	-30.6064
270	-30.231
271	-29.8469
272	-29.4541
273	-29.0524
274	-28.6418
275	-28.2226
276	-27.7945
277	-27.3578
278	-26.9125
279	-26.4587
280	-25.9966
281	-25.5263
282	-25.048
283	-24.5618
284	-24.0681
285	-23.5671
286	-23.059
287	-22.544
288	-22.0224
289	-21.4944
290	-20.96
291	-20.4193
292	-19.8723
293	-19.3193
294	-18.7601
295	-18.1952
296	-17.6245
297	-17.0483
298	-16.4668
299	-15.8801
300	-15.2884
301	-14.6918
302	-14.0905
303	-13.4846
304	-12.8745
305	-12.2604
306	-11.6424
307	-11.021
308	-10.3963
309	-9.76852
310	-9.13779
311	-8.5042
312	-7.86787
313	-7.22891
314	-6.58744
315	-5.94372
316	-5.29789
317	-4.65017
318	-4.00079
319	-3.34998
320	-2.69796
321	-2.04485
322	-1.39091
323	-0.736357
324	-0.0816338
325	0.573027
326	1.22743
327	1.88099
328	2.53344
329	3.18456
330	3.83428
331	4.48246
332	5.12897
333	5.77375
334	6.41659
335	7.05718
336	7.69525
337	8.33054
338	8.96273
339	9.59167
340	10.2172
341	10.8396
342	11.4585
343	12.0739
344	12.6858
345	13.2941
346	13.8986
347	14.499
348	15.0953
349	15.6871
350	16.2745
351	16.8572
352	17.4351
353	18.0079
354	18.5755
355	19.1375
356	19.6939
357	20.2442
358	20.7882
359	21.3258
360	21.8568
Phase Current ic
