Winding Currents under Load 
Air-Gap Position (elec. degrees)
Current (A)
0	-148.157
1	-147.852
2	-147.501
3	-147.106
4	-146.666
5	-146.181
6	-145.652
7	-145.079
8	-144.461
9	-143.799
10	-143.094
11	-142.344
12	-141.552
13	-140.716
14	-139.838
15	-138.917
16	-137.953
17	-136.948
18	-135.901
19	-134.812
20	-133.683
21	-132.512
22	-131.302
23	-130.051
24	-128.761
25	-127.431
26	-126.063
27	-124.656
28	-123.211
29	-121.729
30	-120.21
31	-118.654
32	-117.062
33	-115.434
34	-113.771
35	-112.073
36	-110.342
37	-108.576
38	-106.778
39	-104.947
40	-103.084
41	-101.19
42	-99.2649
43	-97.3096
44	-95.3246
45	-93.3106
46	-91.2682
47	-89.1979
48	-87.1005
49	-84.9766
50	-82.8268
51	-80.6517
52	-78.4521
53	-76.2286
54	-73.9818
55	-71.7126
56	-69.4214
57	-67.1092
58	-64.7765
59	-62.424
60	-60.0526
61	-57.6628
62	-55.2555
63	-52.8314
64	-50.3911
65	-47.9355
66	-45.4654
67	-42.9813
68	-40.4842
69	-37.9747
70	-35.4537
71	-32.9219
72	-30.38
73	-27.8289
74	-25.2693
75	-22.702
76	-20.1278
77	-17.5475
78	-14.9618
79	-12.3716
80	-9.77758
81	-7.1806
82	-4.58143
83	-1.98087
84	0.620297
85	3.22128
86	5.82127
87	8.4195
88	11.0152
89	13.6075
90	16.1956
91	18.7788
92	21.3563
93	23.9273
94	26.4911
95	29.0467
96	31.5935
97	34.1307
98	36.6574
99	39.173
100	41.6767
101	44.1677
102	46.6452
103	49.1085
104	51.5569
105	53.9896
106	56.4058
107	58.8048
108	61.1859
109	63.5484
110	65.8915
111	68.2145
112	70.5168
113	72.7976
114	75.0562
115	77.292
116	79.5042
117	81.6922
118	83.8553
119	85.9928
120	88.1042
121	90.1887
122	92.2458
123	94.2747
124	96.275
125	98.2459
126	100.187
127	102.097
128	103.977
129	105.824
130	107.64
131	109.423
132	111.172
133	112.887
134	114.568
135	116.215
136	117.825
137	119.4
138	120.939
139	122.441
140	123.905
141	125.332
142	126.72
143	128.07
144	129.381
145	130.652
146	131.884
147	133.075
148	134.226
149	135.336
150	136.405
151	137.433
152	138.418
153	139.361
154	140.262
155	141.12
156	141.935
157	142.707
158	143.436
159	144.12
160	144.761
161	145.358
162	145.91
163	146.418
164	146.882
165	147.3
166	147.674
167	148.003
168	148.286
169	148.525
170	148.718
171	148.866
172	148.969
173	149.026
174	149.038
175	149.005
176	148.926
177	148.801
178	148.632
179	148.417
180	148.157
181	147.852
182	147.501
183	147.106
184	146.666
185	146.181
186	145.652
187	145.079
188	144.461
189	143.799
190	143.094
191	142.344
192	141.552
193	140.716
194	139.838
195	138.917
196	137.953
197	136.948
198	135.901
199	134.812
200	133.683
201	132.512
202	131.302
203	130.051
204	128.761
205	127.431
206	126.063
207	124.656
208	123.211
209	121.729
210	120.21
211	118.654
212	117.062
213	115.434
214	113.771
215	112.073
216	110.342
217	108.576
218	106.778
219	104.947
220	103.084
221	101.19
222	99.2649
223	97.3096
224	95.3246
225	93.3106
226	91.2682
227	89.1979
228	87.1005
229	84.9766
230	82.8268
231	80.6517
232	78.4521
233	76.2286
234	73.9818
235	71.7126
236	69.4214
237	67.1092
238	64.7765
239	62.424
240	60.0526
241	57.6628
242	55.2555
243	52.8314
244	50.3911
245	47.9355
246	45.4654
247	42.9813
248	40.4842
249	37.9747
250	35.4537
251	32.9219
252	30.38
253	27.8289
254	25.2693
255	22.702
256	20.1278
257	17.5475
258	14.9618
259	12.3716
260	9.77758
261	7.1806
262	4.58143
263	1.98087
264	-0.620297
265	-3.22128
266	-5.82127
267	-8.4195
268	-11.0152
269	-13.6075
270	-16.1956
271	-18.7788
272	-21.3563
273	-23.9273
274	-26.4911
275	-29.0467
276	-31.5935
277	-34.1307
278	-36.6574
279	-39.173
280	-41.6767
281	-44.1677
282	-46.6452
283	-49.1085
284	-51.5569
285	-53.9896
286	-56.4058
287	-58.8048
288	-61.1859
289	-63.5484
290	-65.8915
291	-68.2145
292	-70.5168
293	-72.7976
294	-75.0562
295	-77.292
296	-79.5042
297	-81.6922
298	-83.8553
299	-85.9928
300	-88.1042
301	-90.1887
302	-92.2458
303	-94.2747
304	-96.275
305	-98.2459
306	-100.187
307	-102.097
308	-103.977
309	-105.824
310	-107.64
311	-109.423
312	-111.172
313	-112.887
314	-114.568
315	-116.215
316	-117.825
317	-119.4
318	-120.939
319	-122.441
320	-123.905
321	-125.332
322	-126.72
323	-128.07
324	-129.381
325	-130.652
326	-131.884
327	-133.075
328	-134.226
329	-135.336
330	-136.405
331	-137.433
332	-138.418
333	-139.361
334	-140.262
335	-141.12
336	-141.935
337	-142.707
338	-143.436
339	-144.12
340	-144.761
341	-145.358
342	-145.91
343	-146.418
344	-146.882
345	-147.3
346	-147.674
347	-148.003
348	-148.286
349	-148.525
350	-148.718
351	-148.866
352	-148.969
353	-149.026
354	-149.038
355	-149.005
356	-148.926
357	-148.801
358	-148.632
359	-148.417
360	-148.157
Phase Current ia
0	60.0526
1	57.6628
2	55.2555
3	52.8314
4	50.3911
5	47.9355
6	45.4654
7	42.9813
8	40.4842
9	37.9747
10	35.4537
11	32.9219
12	30.38
13	27.8289
14	25.2693
15	22.702
16	20.1278
17	17.5475
18	14.9618
19	12.3716
20	9.77758
21	7.1806
22	4.58143
23	1.98087
24	-0.620297
25	-3.22128
26	-5.82127
27	-8.4195
28	-11.0152
29	-13.6075
30	-16.1956
31	-18.7788
32	-21.3563
33	-23.9273
34	-26.4911
35	-29.0467
36	-31.5935
37	-34.1307
38	-36.6574
39	-39.173
40	-41.6767
41	-44.1677
42	-46.6452
43	-49.1085
44	-51.5569
45	-53.9896
46	-56.4058
47	-58.8048
48	-61.1859
49	-63.5484
50	-65.8915
51	-68.2145
52	-70.5168
53	-72.7976
54	-75.0562
55	-77.292
56	-79.5042
57	-81.6922
58	-83.8553
59	-85.9928
60	-88.1042
61	-90.1887
62	-92.2458
63	-94.2747
64	-96.275
65	-98.2459
66	-100.187
67	-102.097
68	-103.977
69	-105.824
70	-107.64
71	-109.423
72	-111.172
73	-112.887
74	-114.568
75	-116.215
76	-117.825
77	-119.4
78	-120.939
79	-122.441
80	-123.905
81	-125.332
82	-126.72
83	-128.07
84	-129.381
85	-130.652
86	-131.884
87	-133.075
88	-134.226
89	-135.336
90	-136.405
91	-137.433
92	-138.418
93	-139.361
94	-140.262
95	-141.12
96	-141.935
97	-142.707
98	-143.436
99	-144.12
100	-144.761
101	-145.358
102	-145.91
103	-146.418
104	-146.882
105	-147.3
106	-147.674
107	-148.003
108	-148.286
109	-148.525
110	-148.718
111	-148.866
112	-148.969
113	-149.026
114	-149.038
115	-149.005
116	-148.926
117	-148.801
118	-148.632
119	-148.417
120	-148.157
121	-147.852
122	-147.501
123	-147.106
124	-146.666
125	-146.181
126	-145.652
127	-145.079
128	-144.461
129	-143.799
130	-143.094
131	-142.344
132	-141.552
133	-140.716
134	-139.838
135	-138.917
136	-137.953
137	-136.948
138	-135.901
139	-134.812
140	-133.683
141	-132.512
142	-131.302
143	-130.051
144	-128.761
145	-127.431
146	-126.063
147	-124.656
148	-123.211
149	-121.729
150	-120.21
151	-118.654
152	-117.062
153	-115.434
154	-113.771
155	-112.073
156	-110.342
157	-108.576
158	-106.778
159	-104.947
160	-103.084
161	-101.19
162	-99.2649
163	-97.3096
164	-95.3246
165	-93.3106
166	-91.2682
167	-89.1979
168	-87.1005
169	-84.9766
170	-82.8268
171	-80.6517
172	-78.4521
173	-76.2286
174	-73.9818
175	-71.7126
176	-69.4214
177	-67.1092
178	-64.7765
179	-62.424
180	-60.0526
181	-57.6628
182	-55.2555
183	-52.8314
184	-50.3911
185	-47.9355
186	-45.4654
187	-42.9813
188	-40.4842
189	-37.9747
190	-35.4537
191	-32.9219
192	-30.38
193	-27.8289
194	-25.2693
195	-22.702
196	-20.1278
197	-17.5475
198	-14.9618
199	-12.3716
200	-9.77758
201	-7.1806
202	-4.58143
203	-1.98087
204	0.620297
205	3.22128
206	5.82127
207	8.4195
208	11.0152
209	13.6075
210	16.1956
211	18.7788
212	21.3563
213	23.9273
214	26.4911
215	29.0467
216	31.5935
217	34.1307
218	36.6574
219	39.173
220	41.6767
221	44.1677
222	46.6452
223	49.1085
224	51.5569
225	53.9896
226	56.4058
227	58.8048
228	61.1859
229	63.5484
230	65.8915
231	68.2145
232	70.5168
233	72.7976
234	75.0562
235	77.292
236	79.5042
237	81.6922
238	83.8553
239	85.9928
240	88.1042
241	90.1887
242	92.2458
243	94.2747
244	96.275
245	98.2459
246	100.187
247	102.097
248	103.977
249	105.824
250	107.64
251	109.423
252	111.172
253	112.887
254	114.568
255	116.215
256	117.825
257	119.4
258	120.939
259	122.441
260	123.905
261	125.332
262	126.72
263	128.07
264	129.381
265	130.652
266	131.884
267	133.075
268	134.226
269	135.336
270	136.405
271	137.433
272	138.418
273	139.361
274	140.262
275	141.12
276	141.935
277	142.707
278	143.436
279	144.12
280	144.761
281	145.358
282	145.91
283	146.418
284	146.882
285	147.3
286	147.674
287	148.003
288	148.286
289	148.525
290	148.718
291	148.866
292	148.969
293	149.026
294	149.038
295	149.005
296	148.926
297	148.801
298	148.632
299	148.417
300	148.157
301	147.852
302	147.501
303	147.106
304	146.666
305	146.181
306	145.652
307	145.079
308	144.461
309	143.799
310	143.094
311	142.344
312	141.552
313	140.716
314	139.838
315	138.917
316	137.953
317	136.948
318	135.901
319	134.812
320	133.683
321	132.512
322	131.302
323	130.051
324	128.761
325	127.431
326	126.063
327	124.656
328	123.211
329	121.729
330	120.21
331	118.654
332	117.062
333	115.434
334	113.771
335	112.073
336	110.342
337	108.576
338	106.778
339	104.947
340	103.084
341	101.19
342	99.2649
343	97.3096
344	95.3246
345	93.3106
346	91.2682
347	89.1979
348	87.1005
349	84.9766
350	82.8268
351	80.6517
352	78.4521
353	76.2286
354	73.9818
355	71.7126
356	69.4214
357	67.1092
358	64.7765
359	62.424
360	60.0526
Phase Current ib
0	88.1042
1	90.1887
2	92.2458
3	94.2747
4	96.275
5	98.2459
6	100.187
7	102.097
8	103.977
9	105.824
10	107.64
11	109.423
12	111.172
13	112.887
14	114.568
15	116.215
16	117.825
17	119.4
18	120.939
19	122.441
20	123.905
21	125.332
22	126.72
23	128.07
24	129.381
25	130.652
26	131.884
27	133.075
28	134.226
29	135.336
30	136.405
31	137.433
32	138.418
33	139.361
34	140.262
35	141.12
36	141.935
37	142.707
38	143.436
39	144.12
40	144.761
41	145.358
42	145.91
43	146.418
44	146.882
45	147.3
46	147.674
47	148.003
48	148.286
49	148.525
50	148.718
51	148.866
52	148.969
53	149.026
54	149.038
55	149.005
56	148.926
57	148.801
58	148.632
59	148.417
60	148.157
61	147.852
62	147.501
63	147.106
64	146.666
65	146.181
66	145.652
67	145.079
68	144.461
69	143.799
70	143.094
71	142.344
72	141.552
73	140.716
74	139.838
75	138.917
76	137.953
77	136.948
78	135.901
79	134.812
80	133.683
81	132.512
82	131.302
83	130.051
84	128.761
85	127.431
86	126.063
87	124.656
88	123.211
89	121.729
90	120.21
91	118.654
92	117.062
93	115.434
94	113.771
95	112.073
96	110.342
97	108.576
98	106.778
99	104.947
100	103.084
101	101.19
102	99.2649
103	97.3096
104	95.3246
105	93.3106
106	91.2682
107	89.1979
108	87.1005
109	84.9766
110	82.8268
111	80.6517
112	78.4521
113	76.2286
114	73.9818
115	71.7126
116	69.4214
117	67.1092
118	64.7765
119	62.424
120	60.0526
121	57.6628
122	55.2555
123	52.8314
124	50.3911
125	47.9355
126	45.4654
127	42.9813
128	40.4842
129	37.9747
130	35.4537
131	32.9219
132	30.38
133	27.8289
134	25.2693
135	22.702
136	20.1278
137	17.5475
138	14.9618
139	12.3716
140	9.77758
141	7.1806
142	4.58143
143	1.98087
144	-0.620297
145	-3.22128
146	-5.82127
147	-8.4195
148	-11.0152
149	-13.6075
150	-16.1956
151	-18.7788
152	-21.3563
153	-23.9273
154	-26.4911
155	-29.0467
156	-31.5935
157	-34.1307
158	-36.6574
159	-39.173
160	-41.6767
161	-44.1677
162	-46.6452
163	-49.1085
164	-51.5569
165	-53.9896
166	-56.4058
167	-58.8048
168	-61.1859
169	-63.5484
170	-65.8915
171	-68.2145
172	-70.5168
173	-72.7976
174	-75.0562
175	-77.292
176	-79.5042
177	-81.6922
178	-83.8553
179	-85.9928
180	-88.1042
181	-90.1887
182	-92.2458
183	-94.2747
184	-96.275
185	-98.2459
186	-100.187
187	-102.097
188	-103.977
189	-105.824
190	-107.64
191	-109.423
192	-111.172
193	-112.887
194	-114.568
195	-116.215
196	-117.825
197	-119.4
198	-120.939
199	-122.441
200	-123.905
201	-125.332
202	-126.72
203	-128.07
204	-129.381
205	-130.652
206	-131.884
207	-133.075
208	-134.226
209	-135.336
210	-136.405
211	-137.433
212	-138.418
213	-139.361
214	-140.262
215	-141.12
216	-141.935
217	-142.707
218	-143.436
219	-144.12
220	-144.761
221	-145.358
222	-145.91
223	-146.418
224	-146.882
225	-147.3
226	-147.674
227	-148.003
228	-148.286
229	-148.525
230	-148.718
231	-148.866
232	-148.969
233	-149.026
234	-149.038
235	-149.005
236	-148.926
237	-148.801
238	-148.632
239	-148.417
240	-148.157
241	-147.852
242	-147.501
243	-147.106
244	-146.666
245	-146.181
246	-145.652
247	-145.079
248	-144.461
249	-143.799
250	-143.094
251	-142.344
252	-141.552
253	-140.716
254	-139.838
255	-138.917
256	-137.953
257	-136.948
258	-135.901
259	-134.812
260	-133.683
261	-132.512
262	-131.302
263	-130.051
264	-128.761
265	-127.431
266	-126.063
267	-124.656
268	-123.211
269	-121.729
270	-120.21
271	-118.654
272	-117.062
273	-115.434
274	-113.771
275	-112.073
276	-110.342
277	-108.576
278	-106.778
279	-104.947
280	-103.084
281	-101.19
282	-99.2649
283	-97.3096
284	-95.3246
285	-93.3106
286	-91.2682
287	-89.1979
288	-87.1005
289	-84.9766
290	-82.8268
291	-80.6517
292	-78.4521
293	-76.2286
294	-73.9818
295	-71.7126
296	-69.4214
297	-67.1092
298	-64.7765
299	-62.424
300	-60.0526
301	-57.6628
302	-55.2555
303	-52.8314
304	-50.3911
305	-47.9355
306	-45.4654
307	-42.9813
308	-40.4842
309	-37.9747
310	-35.4537
311	-32.9219
312	-30.38
313	-27.8289
314	-25.2693
315	-22.702
316	-20.1278
317	-17.5475
318	-14.9618
319	-12.3716
320	-9.77758
321	-7.1806
322	-4.58143
323	-1.98087
324	0.620297
325	3.22128
326	5.82127
327	8.4195
328	11.0152
329	13.6075
330	16.1956
331	18.7788
332	21.3563
333	23.9273
334	26.4911
335	29.0467
336	31.5935
337	34.1307
338	36.6574
339	39.173
340	41.6767
341	44.1677
342	46.6452
343	49.1085
344	51.5569
345	53.9896
346	56.4058
347	58.8048
348	61.1859
349	63.5484
350	65.8915
351	68.2145
352	70.5168
353	72.7976
354	75.0562
355	77.292
356	79.5042
357	81.6922
358	83.8553
359	85.9928
360	88.1042
Phase Current ic
