Induced Winding Voltages at Rated Speed
Air-Gap Position (elec. degrees)
Voltage (V)
0	-212.583126
1	-211.682219
2	-210.781077
3	-209.879675
4	-208.977983
5	-208.075969
6	-207.351341
7	-206.839645
8	-206.327542
9	-205.814997
10	-205.301966
11	-204.788400
12	-204.274236
13	-203.759392
14	-203.243633
15	-202.726636
16	-202.264744
17	-201.817932
18	-201.369227
19	-200.918320
20	-200.464510
21	-200.005699
22	-199.539811
23	-199.049118
24	-198.492537
25	-197.921943
26	-197.329725
27	-196.710537
28	-196.060177
29	-195.367024
30	-194.617641
31	-193.801940
32	-192.898261
33	-191.670042
34	-190.115972
35	-188.364357
36	-186.291485
37	-183.698536
38	-180.048514
39	-174.975008
40	-167.824739
41	-157.304855
42	-139.818862
43	-118.279672
44	-88.083777
45	-60.034161
46	-39.866724
47	-25.372239
48	-10.349290
49	0.000000
50	10.349290
51	25.372239
52	39.866724
53	60.034161
54	88.083777
55	118.279672
56	139.818862
57	157.304855
58	167.824739
59	174.975008
60	180.048514
61	183.698536
62	186.291485
63	188.364357
64	190.115972
65	191.670042
66	192.898261
67	193.801940
68	194.617641
69	195.367024
70	196.060177
71	196.710537
72	197.329725
73	197.921943
74	198.492537
75	199.049118
76	199.539811
77	200.005699
78	200.464510
79	200.918320
80	201.369227
81	201.817932
82	202.264744
83	202.726636
84	203.243633
85	203.759392
86	204.274236
87	204.788400
88	205.301966
89	205.814997
90	206.327542
91	206.839645
92	207.351341
93	208.075969
94	208.977983
95	209.879675
96	210.781077
97	211.682219
98	212.583126
99	213.483814
100	214.384294
101	215.284578
102	216.713917
103	218.849829
104	220.985575
105	223.121160
106	225.256591
107	227.544426
108	232.509164
109	237.473750
110	242.858453
111	252.916665
112	265.123315
113	283.155322
114	309.069351
115	337.129502
116	356.532779
117	372.589434
118	382.209033
119	388.458822
120	392.631640
121	395.380754
122	397.072562
123	398.244032
124	399.093954
125	399.746011
126	400.249602
127	400.641585
128	400.945183
129	401.182020
130	401.362142
131	401.498937
132	401.603961
133	401.681335
134	401.736170
135	401.775754
136	401.804555
137	401.823631
138	401.833737
139	401.836639
140	401.833737
141	401.823631
142	401.804555
143	401.775754
144	401.736170
145	401.681335
146	401.603961
147	401.498937
148	401.362142
149	401.182020
150	400.945183
151	400.641585
152	400.249602
153	399.746011
154	399.093954
155	398.244032
156	397.072562
157	395.380754
158	392.631640
159	388.458822
160	382.209033
161	372.589434
162	356.532779
163	337.129502
164	309.069351
165	283.155322
166	265.123315
167	252.916665
168	242.858453
169	237.473750
170	232.509164
171	227.544426
172	225.256591
173	223.121160
174	220.985575
175	218.849829
176	216.713917
177	215.284578
178	214.384294
179	213.483814
180	212.583126
181	211.682219
182	210.781077
183	209.879675
184	208.977983
185	208.075969
186	207.351341
187	206.839645
188	206.327542
189	205.814997
190	205.301966
191	204.788400
192	204.274236
193	203.759392
194	203.243633
195	202.726636
196	202.264744
197	201.817932
198	201.369227
199	200.918320
200	200.464510
201	200.005699
202	199.539811
203	199.049118
204	198.492537
205	197.921943
206	197.329725
207	196.710537
208	196.060177
209	195.367024
210	194.617641
211	193.801940
212	192.898261
213	191.670042
214	190.115972
215	188.364357
216	186.291485
217	183.698536
218	180.048514
219	174.975008
220	167.824739
221	157.304855
222	139.818862
223	118.279672
224	88.083777
225	60.034161
226	39.866724
227	25.372239
228	10.349290
229	0.000000
230	-10.349290
231	-25.372239
232	-39.866724
233	-60.034161
234	-88.083777
235	-118.279672
236	-139.818862
237	-157.304855
238	-167.824739
239	-174.975008
240	-180.048514
241	-183.698536
242	-186.291485
243	-188.364357
244	-190.115972
245	-191.670042
246	-192.898261
247	-193.801940
248	-194.617641
249	-195.367024
250	-196.060177
251	-196.710537
252	-197.329725
253	-197.921943
254	-198.492537
255	-199.049118
256	-199.539811
257	-200.005699
258	-200.464510
259	-200.918320
260	-201.369227
261	-201.817932
262	-202.264744
263	-202.726636
264	-203.243633
265	-203.759392
266	-204.274236
267	-204.788400
268	-205.301966
269	-205.814997
270	-206.327542
271	-206.839645
272	-207.351341
273	-208.075969
274	-208.977983
275	-209.879675
276	-210.781077
277	-211.682219
278	-212.583126
279	-213.483814
280	-214.384294
281	-215.284578
282	-216.713917
283	-218.849829
284	-220.985575
285	-223.121160
286	-225.256591
287	-227.544426
288	-232.509164
289	-237.473750
290	-242.858453
291	-252.916665
292	-265.123315
293	-283.155322
294	-309.069351
295	-337.129502
296	-356.532779
297	-372.589434
298	-382.209033
299	-388.458822
300	-392.631640
301	-395.380754
302	-397.072562
303	-398.244032
304	-399.093954
305	-399.746011
306	-400.249602
307	-400.641585
308	-400.945183
309	-401.182020
310	-401.362142
311	-401.498937
312	-401.603961
313	-401.681335
314	-401.736170
315	-401.775754
316	-401.804555
317	-401.823631
318	-401.833737
319	-401.836639
320	-401.833737
321	-401.823631
322	-401.804555
323	-401.775754
324	-401.736170
325	-401.681335
326	-401.603961
327	-401.498937
328	-401.362142
329	-401.182020
330	-400.945183
331	-400.641585
332	-400.249602
333	-399.746011
334	-399.093954
335	-398.244032
336	-397.072562
337	-395.380754
338	-392.631640
339	-388.458822
340	-382.209033
341	-372.589434
342	-356.532779
343	-337.129502
344	-309.069351
345	-283.155322
346	-265.123315
347	-252.916665
348	-242.858453
349	-237.473750
350	-232.509164
351	-227.544426
352	-225.256591
353	-223.121160
354	-220.985575
355	-218.849829
356	-216.713917
357	-215.284578
358	-214.384294
359	-213.483814
360	-212.583126
Phase Voltage ea
0	-32.534611
1	-27.983683
2	-24.489592
3	-21.515318
4	-18.862011
5	-16.405927
6	-14.453080
7	-13.037704
8	-11.709900
9	-10.447973
10	-9.241789
11	-8.077862
12	-6.944511
13	-5.837449
14	-4.751097
15	-3.677518
16	-2.724933
17	-1.812233
18	-0.904717
19	0.000000
20	0.904717
21	1.812233
22	2.724933
23	3.677518
24	4.751097
25	5.837449
26	6.944511
27	8.077862
28	9.241789
29	10.447973
30	11.709900
31	13.037704
32	14.453080
33	16.405927
34	18.862011
35	21.515318
36	24.489592
37	27.983683
38	32.534611
39	38.508806
40	46.559555
41	57.979723
42	76.895055
43	100.570157
44	132.901798
45	163.086999
46	185.389866
47	202.172187
48	222.159874
49	237.473750
50	253.207743
51	278.288905
52	304.990039
53	343.189483
54	397.153128
55	455.409174
56	496.351641
57	529.894289
58	550.033772
59	563.433830
60	572.680154
61	579.079290
62	583.364047
63	586.608389
64	589.209926
65	591.416053
66	593.147863
67	594.443525
68	595.562824
69	596.549044
70	597.422319
71	598.209475
72	598.933686
73	599.603278
74	600.228707
75	600.824872
76	601.344366
77	601.829330
78	602.298247
79	602.754959
80	603.202965
81	603.641563
82	604.069299
83	604.502390
84	604.979804
85	605.440727
86	605.878197
87	606.287337
88	606.664108
89	606.997017
90	607.272725
91	607.481230
92	607.600943
93	607.821980
94	608.071937
95	608.123708
96	607.853639
97	607.062973
98	605.214766
99	601.942636
100	596.593327
101	587.874012
102	573.246696
103	555.979331
104	530.054926
105	506.276482
106	490.379905
107	480.461092
108	475.367617
109	474.947500
110	475.367617
111	480.461092
112	490.379905
113	506.276482
114	530.054926
115	555.979331
116	573.246696
117	587.874012
118	596.593327
119	601.942636
120	605.214766
121	607.062973
122	607.853639
123	608.123708
124	608.071937
125	607.821980
126	607.600943
127	607.481230
128	607.272725
129	606.997017
130	606.664108
131	606.287337
132	605.878197
133	605.440727
134	604.979804
135	604.502390
136	604.069299
137	603.641563
138	603.202965
139	602.754959
140	602.298247
141	601.829330
142	601.344366
143	600.824872
144	600.228707
145	599.603278
146	598.933686
147	598.209475
148	597.422319
149	596.549044
150	595.562824
151	594.443525
152	593.147863
153	591.416053
154	589.209926
155	586.608389
156	583.364047
157	579.079290
158	572.680154
159	563.433830
160	550.033772
161	529.894289
162	496.351641
163	455.409174
164	397.153128
165	343.189483
166	304.990039
167	278.288905
168	253.207743
169	237.473750
170	222.159874
171	202.172187
172	185.389866
173	163.086999
174	132.901798
175	100.570157
176	76.895055
177	57.979723
178	46.559555
179	38.508806
180	32.534611
181	27.983683
182	24.489592
183	21.515318
184	18.862011
185	16.405927
186	14.453080
187	13.037704
188	11.709900
189	10.447973
190	9.241789
191	8.077862
192	6.944511
193	5.837449
194	4.751097
195	3.677518
196	2.724933
197	1.812233
198	0.904717
199	0.000000
200	-0.904717
201	-1.812233
202	-2.724933
203	-3.677518
204	-4.751097
205	-5.837449
206	-6.944511
207	-8.077862
208	-9.241789
209	-10.447973
210	-11.709900
211	-13.037704
212	-14.453080
213	-16.405927
214	-18.862011
215	-21.515318
216	-24.489592
217	-27.983683
218	-32.534611
219	-38.508806
220	-46.559555
221	-57.979723
222	-76.895055
223	-100.570157
224	-132.901798
225	-163.086999
226	-185.389866
227	-202.172187
228	-222.159874
229	-237.473750
230	-253.207743
231	-278.288905
232	-304.990039
233	-343.189483
234	-397.153128
235	-455.409174
236	-496.351641
237	-529.894289
238	-550.033772
239	-563.433830
240	-572.680154
241	-579.079290
242	-583.364047
243	-586.608389
244	-589.209926
245	-591.416053
246	-593.147863
247	-594.443525
248	-595.562824
249	-596.549044
250	-597.422319
251	-598.209475
252	-598.933686
253	-599.603278
254	-600.228707
255	-600.824872
256	-601.344366
257	-601.829330
258	-602.298247
259	-602.754959
260	-603.202965
261	-603.641563
262	-604.069299
263	-604.502390
264	-604.979804
265	-605.440727
266	-605.878197
267	-606.287337
268	-606.664108
269	-606.997017
270	-607.272725
271	-607.481230
272	-607.600943
273	-607.821980
274	-608.071937
275	-608.123708
276	-607.853639
277	-607.062973
278	-605.214766
279	-601.942636
280	-596.593327
281	-587.874012
282	-573.246696
283	-555.979331
284	-530.054926
285	-506.276482
286	-490.379905
287	-480.461092
288	-475.367617
289	-474.947500
290	-475.367617
291	-480.461092
292	-490.379905
293	-506.276482
294	-530.054926
295	-555.979331
296	-573.246696
297	-587.874012
298	-596.593327
299	-601.942636
300	-605.214766
301	-607.062973
302	-607.853639
303	-608.123708
304	-608.071937
305	-607.821980
306	-607.600943
307	-607.481230
308	-607.272725
309	-606.997017
310	-606.664108
311	-606.287337
312	-605.878197
313	-605.440727
314	-604.979804
315	-604.502390
316	-604.069299
317	-603.641563
318	-603.202965
319	-602.754959
320	-602.298247
321	-601.829330
322	-601.344366
323	-600.824872
324	-600.228707
325	-599.603278
326	-598.933686
327	-598.209475
328	-597.422319
329	-596.549044
330	-595.562824
331	-594.443525
332	-593.147863
333	-591.416053
334	-589.209926
335	-586.608389
336	-583.364047
337	-579.079290
338	-572.680154
339	-563.433830
340	-550.033772
341	-529.894289
342	-496.351641
343	-455.409174
344	-397.153128
345	-343.189483
346	-304.990039
347	-278.288905
348	-253.207743
349	-237.473750
350	-222.159874
351	-202.172187
352	-185.389866
353	-163.086999
354	-132.901798
355	-100.570157
356	-76.895055
357	-57.979723
358	-46.559555
359	-38.508806
360	-32.534611
Line Voltage eab
