Winding Currents under Load 
Air-Gap Position (elec. degrees)
Current (A)
0	-106.152
1	-105.844
2	-105.503
3	-105.13
4	-104.726
5	-104.289
6	-103.82
7	-103.32
8	-102.789
9	-102.226
10	-101.632
11	-101.007
12	-100.351
13	-99.665
14	-98.9483
15	-98.2015
16	-97.4248
17	-96.6184
18	-95.7826
19	-94.9176
20	-94.0237
21	-93.1012
22	-92.1503
23	-91.1713
24	-90.1645
25	-89.1303
26	-88.069
27	-86.9808
28	-85.8661
29	-84.7253
30	-83.5586
31	-82.3665
32	-81.1493
33	-79.9074
34	-78.6412
35	-77.351
36	-76.0372
37	-74.7003
38	-73.3406
39	-71.9586
40	-70.5546
41	-69.1292
42	-67.6827
43	-66.2156
44	-64.7283
45	-63.2213
46	-61.6951
47	-60.15
48	-58.5867
49	-57.0055
50	-55.4069
51	-53.7914
52	-52.1596
53	-50.5119
54	-48.8487
55	-47.1707
56	-45.4784
57	-43.7722
58	-42.0526
59	-40.3203
60	-38.5756
61	-36.8192
62	-35.0516
63	-33.2733
64	-31.4849
65	-29.6869
66	-27.8798
67	-26.0643
68	-24.2408
69	-22.4099
70	-20.5723
71	-18.7283
72	-16.8786
73	-15.0238
74	-13.1644
75	-11.301
76	-9.4342
77	-7.56449
78	-5.69248
79	-3.81873
80	-1.94381
81	-0.0683107
82	1.80721
83	3.68219
84	5.55604
85	7.4282
86	9.2981
87	11.1652
88	13.0288
89	14.8885
90	16.7437
91	18.5937
92	20.4381
93	22.2763
94	24.1077
95	25.9317
96	27.7479
97	29.5556
98	31.3543
99	33.1434
100	34.9224
101	36.6908
102	38.4481
103	40.1936
104	41.9269
105	43.6474
106	45.3546
107	47.048
108	48.727
109	50.3912
110	52.0401
111	53.6731
112	55.2898
113	56.8896
114	58.4721
115	60.0368
116	61.5832
117	63.1108
118	64.6192
119	66.1079
120	67.5765
121	69.0245
122	70.4515
123	71.857
124	73.2407
125	74.602
126	75.9406
127	77.2561
128	78.548
129	79.816
130	81.0597
131	82.2787
132	83.4726
133	84.6411
134	85.7839
135	86.9005
136	87.9906
137	89.0539
138	90.0901
139	91.0989
140	92.0799
141	93.0329
142	93.9575
143	94.8535
144	95.7206
145	96.5585
146	97.3671
147	98.1459
148	98.8949
149	99.6138
150	100.302
151	100.96
152	101.587
153	102.184
154	102.749
155	103.283
156	103.785
157	104.256
158	104.695
159	105.102
160	105.477
161	105.82
162	106.131
163	106.409
164	106.655
165	106.869
166	107.05
167	107.198
168	107.314
169	107.397
170	107.447
171	107.465
172	107.449
173	107.401
174	107.321
175	107.208
176	107.062
177	106.883
178	106.672
179	106.428
180	106.152
181	105.844
182	105.503
183	105.13
184	104.726
185	104.289
186	103.82
187	103.32
188	102.789
189	102.226
190	101.632
191	101.007
192	100.351
193	99.665
194	98.9483
195	98.2015
196	97.4248
197	96.6184
198	95.7826
199	94.9176
200	94.0237
201	93.1012
202	92.1503
203	91.1713
204	90.1645
205	89.1303
206	88.069
207	86.9808
208	85.8661
209	84.7253
210	83.5586
211	82.3665
212	81.1493
213	79.9074
214	78.6412
215	77.351
216	76.0372
217	74.7003
218	73.3406
219	71.9586
220	70.5546
221	69.1292
222	67.6827
223	66.2156
224	64.7283
225	63.2213
226	61.6951
227	60.15
228	58.5867
229	57.0055
230	55.4069
231	53.7914
232	52.1596
233	50.5119
234	48.8487
235	47.1707
236	45.4784
237	43.7722
238	42.0526
239	40.3203
240	38.5756
241	36.8192
242	35.0516
243	33.2733
244	31.4849
245	29.6869
246	27.8798
247	26.0643
248	24.2408
249	22.4099
250	20.5723
251	18.7283
252	16.8786
253	15.0238
254	13.1644
255	11.301
256	9.4342
257	7.56449
258	5.69248
259	3.81873
260	1.94381
261	0.0683107
262	-1.80721
263	-3.68219
264	-5.55604
265	-7.4282
266	-9.2981
267	-11.1652
268	-13.0288
269	-14.8885
270	-16.7437
271	-18.5937
272	-20.4381
273	-22.2763
274	-24.1077
275	-25.9317
276	-27.7479
277	-29.5556
278	-31.3543
279	-33.1434
280	-34.9224
281	-36.6908
282	-38.4481
283	-40.1936
284	-41.9269
285	-43.6474
286	-45.3546
287	-47.048
288	-48.727
289	-50.3912
290	-52.0401
291	-53.6731
292	-55.2898
293	-56.8896
294	-58.4721
295	-60.0368
296	-61.5832
297	-63.1108
298	-64.6192
299	-66.1079
300	-67.5765
301	-69.0245
302	-70.4515
303	-71.857
304	-73.2407
305	-74.602
306	-75.9406
307	-77.2561
308	-78.548
309	-79.816
310	-81.0597
311	-82.2787
312	-83.4726
313	-84.6411
314	-85.7839
315	-86.9005
316	-87.9906
317	-89.0539
318	-90.0901
319	-91.0989
320	-92.0799
321	-93.0329
322	-93.9575
323	-94.8535
324	-95.7206
325	-96.5585
326	-97.3671
327	-98.1459
328	-98.8949
329	-99.6138
330	-100.302
331	-100.96
332	-101.587
333	-102.184
334	-102.749
335	-103.283
336	-103.785
337	-104.256
338	-104.695
339	-105.102
340	-105.477
341	-105.82
342	-106.131
343	-106.409
344	-106.655
345	-106.869
346	-107.05
347	-107.198
348	-107.314
349	-107.397
350	-107.447
351	-107.465
352	-107.449
353	-107.401
354	-107.321
355	-107.208
356	-107.062
357	-106.883
358	-106.672
359	-106.428
360	-106.152
Phase Current ia
0	38.5756
1	36.8192
2	35.0516
3	33.2733
4	31.4849
5	29.6869
6	27.8798
7	26.0643
8	24.2408
9	22.4099
10	20.5723
11	18.7283
12	16.8786
13	15.0238
14	13.1644
15	11.301
16	9.4342
17	7.56449
18	5.69248
19	3.81873
20	1.94381
21	0.0683107
22	-1.80721
23	-3.68219
24	-5.55604
25	-7.4282
26	-9.2981
27	-11.1652
28	-13.0288
29	-14.8885
30	-16.7437
31	-18.5937
32	-20.4381
33	-22.2763
34	-24.1077
35	-25.9317
36	-27.7479
37	-29.5556
38	-31.3543
39	-33.1434
40	-34.9224
41	-36.6908
42	-38.4481
43	-40.1936
44	-41.9269
45	-43.6474
46	-45.3546
47	-47.048
48	-48.727
49	-50.3912
50	-52.0401
51	-53.6731
52	-55.2898
53	-56.8896
54	-58.4721
55	-60.0368
56	-61.5832
57	-63.1108
58	-64.6192
59	-66.1079
60	-67.5765
61	-69.0245
62	-70.4515
63	-71.857
64	-73.2407
65	-74.602
66	-75.9406
67	-77.2561
68	-78.548
69	-79.816
70	-81.0597
71	-82.2787
72	-83.4726
73	-84.6411
74	-85.7839
75	-86.9005
76	-87.9906
77	-89.0539
78	-90.0901
79	-91.0989
80	-92.0799
81	-93.0329
82	-93.9575
83	-94.8535
84	-95.7206
85	-96.5585
86	-97.3671
87	-98.1459
88	-98.8949
89	-99.6138
90	-100.302
91	-100.96
92	-101.587
93	-102.184
94	-102.749
95	-103.283
96	-103.785
97	-104.256
98	-104.695
99	-105.102
100	-105.477
101	-105.82
102	-106.131
103	-106.409
104	-106.655
105	-106.869
106	-107.05
107	-107.198
108	-107.314
109	-107.397
110	-107.447
111	-107.465
112	-107.449
113	-107.401
114	-107.321
115	-107.208
116	-107.062
117	-106.883
118	-106.672
119	-106.428
120	-106.152
121	-105.844
122	-105.503
123	-105.13
124	-104.726
125	-104.289
126	-103.82
127	-103.32
128	-102.789
129	-102.226
130	-101.632
131	-101.007
132	-100.351
133	-99.665
134	-98.9483
135	-98.2015
136	-97.4248
137	-96.6184
138	-95.7826
139	-94.9176
140	-94.0237
141	-93.1012
142	-92.1503
143	-91.1713
144	-90.1645
145	-89.1303
146	-88.069
147	-86.9808
148	-85.8661
149	-84.7253
150	-83.5586
151	-82.3665
152	-81.1493
153	-79.9074
154	-78.6412
155	-77.351
156	-76.0372
157	-74.7003
158	-73.3406
159	-71.9586
160	-70.5546
161	-69.1292
162	-67.6827
163	-66.2156
164	-64.7283
165	-63.2213
166	-61.6951
167	-60.15
168	-58.5867
169	-57.0055
170	-55.4069
171	-53.7914
172	-52.1596
173	-50.5119
174	-48.8487
175	-47.1707
176	-45.4784
177	-43.7722
178	-42.0526
179	-40.3203
180	-38.5756
181	-36.8192
182	-35.0516
183	-33.2733
184	-31.4849
185	-29.6869
186	-27.8798
187	-26.0643
188	-24.2408
189	-22.4099
190	-20.5723
191	-18.7283
192	-16.8786
193	-15.0238
194	-13.1644
195	-11.301
196	-9.4342
197	-7.56449
198	-5.69248
199	-3.81873
200	-1.94381
201	-0.0683107
202	1.80721
203	3.68219
204	5.55604
205	7.4282
206	9.2981
207	11.1652
208	13.0288
209	14.8885
210	16.7437
211	18.5937
212	20.4381
213	22.2763
214	24.1077
215	25.9317
216	27.7479
217	29.5556
218	31.3543
219	33.1434
220	34.9224
221	36.6908
222	38.4481
223	40.1936
224	41.9269
225	43.6474
226	45.3546
227	47.048
228	48.727
229	50.3912
230	52.0401
231	53.6731
232	55.2898
233	56.8896
234	58.4721
235	60.0368
236	61.5832
237	63.1108
238	64.6192
239	66.1079
240	67.5765
241	69.0245
242	70.4515
243	71.857
244	73.2407
245	74.602
246	75.9406
247	77.2561
248	78.548
249	79.816
250	81.0597
251	82.2787
252	83.4726
253	84.6411
254	85.7839
255	86.9005
256	87.9906
257	89.0539
258	90.0901
259	91.0989
260	92.0799
261	93.0329
262	93.9575
263	94.8535
264	95.7206
265	96.5585
266	97.3671
267	98.1459
268	98.8949
269	99.6138
270	100.302
271	100.96
272	101.587
273	102.184
274	102.749
275	103.283
276	103.785
277	104.256
278	104.695
279	105.102
280	105.477
281	105.82
282	106.131
283	106.409
284	106.655
285	106.869
286	107.05
287	107.198
288	107.314
289	107.397
290	107.447
291	107.465
292	107.449
293	107.401
294	107.321
295	107.208
296	107.062
297	106.883
298	106.672
299	106.428
300	106.152
301	105.844
302	105.503
303	105.13
304	104.726
305	104.289
306	103.82
307	103.32
308	102.789
309	102.226
310	101.632
311	101.007
312	100.351
313	99.665
314	98.9483
315	98.2015
316	97.4248
317	96.6184
318	95.7826
319	94.9176
320	94.0237
321	93.1012
322	92.1503
323	91.1713
324	90.1645
325	89.1303
326	88.069
327	86.9808
328	85.8661
329	84.7253
330	83.5586
331	82.3665
332	81.1493
333	79.9074
334	78.6412
335	77.351
336	76.0372
337	74.7003
338	73.3406
339	71.9586
340	70.5546
341	69.1292
342	67.6827
343	66.2156
344	64.7283
345	63.2213
346	61.6951
347	60.15
348	58.5867
349	57.0055
350	55.4069
351	53.7914
352	52.1596
353	50.5119
354	48.8487
355	47.1707
356	45.4784
357	43.7722
358	42.0526
359	40.3203
360	38.5756
Phase Current ib
0	67.5765
1	69.0245
2	70.4515
3	71.857
4	73.2407
5	74.602
6	75.9406
7	77.2561
8	78.548
9	79.816
10	81.0597
11	82.2787
12	83.4726
13	84.6411
14	85.7839
15	86.9005
16	87.9906
17	89.0539
18	90.0901
19	91.0989
20	92.0799
21	93.0329
22	93.9575
23	94.8535
24	95.7206
25	96.5585
26	97.3671
27	98.1459
28	98.8949
29	99.6138
30	100.302
31	100.96
32	101.587
33	102.184
34	102.749
35	103.283
36	103.785
37	104.256
38	104.695
39	105.102
40	105.477
41	105.82
42	106.131
43	106.409
44	106.655
45	106.869
46	107.05
47	107.198
48	107.314
49	107.397
50	107.447
51	107.465
52	107.449
53	107.401
54	107.321
55	107.208
56	107.062
57	106.883
58	106.672
59	106.428
60	106.152
61	105.844
62	105.503
63	105.13
64	104.726
65	104.289
66	103.82
67	103.32
68	102.789
69	102.226
70	101.632
71	101.007
72	100.351
73	99.665
74	98.9483
75	98.2015
76	97.4248
77	96.6184
78	95.7826
79	94.9176
80	94.0237
81	93.1012
82	92.1503
83	91.1713
84	90.1645
85	89.1303
86	88.069
87	86.9808
88	85.8661
89	84.7253
90	83.5586
91	82.3665
92	81.1493
93	79.9074
94	78.6412
95	77.351
96	76.0372
97	74.7003
98	73.3406
99	71.9586
100	70.5546
101	69.1292
102	67.6827
103	66.2156
104	64.7283
105	63.2213
106	61.6951
107	60.15
108	58.5867
109	57.0055
110	55.4069
111	53.7914
112	52.1596
113	50.5119
114	48.8487
115	47.1707
116	45.4784
117	43.7722
118	42.0526
119	40.3203
120	38.5756
121	36.8192
122	35.0516
123	33.2733
124	31.4849
125	29.6869
126	27.8798
127	26.0643
128	24.2408
129	22.4099
130	20.5723
131	18.7283
132	16.8786
133	15.0238
134	13.1644
135	11.301
136	9.4342
137	7.56449
138	5.69248
139	3.81873
140	1.94381
141	0.0683107
142	-1.80721
143	-3.68219
144	-5.55604
145	-7.4282
146	-9.2981
147	-11.1652
148	-13.0288
149	-14.8885
150	-16.7437
151	-18.5937
152	-20.4381
153	-22.2763
154	-24.1077
155	-25.9317
156	-27.7479
157	-29.5556
158	-31.3543
159	-33.1434
160	-34.9224
161	-36.6908
162	-38.4481
163	-40.1936
164	-41.9269
165	-43.6474
166	-45.3546
167	-47.048
168	-48.727
169	-50.3912
170	-52.0401
171	-53.6731
172	-55.2898
173	-56.8896
174	-58.4721
175	-60.0368
176	-61.5832
177	-63.1108
178	-64.6192
179	-66.1079
180	-67.5765
181	-69.0245
182	-70.4515
183	-71.857
184	-73.2407
185	-74.602
186	-75.9406
187	-77.2561
188	-78.548
189	-79.816
190	-81.0597
191	-82.2787
192	-83.4726
193	-84.6411
194	-85.7839
195	-86.9005
196	-87.9906
197	-89.0539
198	-90.0901
199	-91.0989
200	-92.0799
201	-93.0329
202	-93.9575
203	-94.8535
204	-95.7206
205	-96.5585
206	-97.3671
207	-98.1459
208	-98.8949
209	-99.6138
210	-100.302
211	-100.96
212	-101.587
213	-102.184
214	-102.749
215	-103.283
216	-103.785
217	-104.256
218	-104.695
219	-105.102
220	-105.477
221	-105.82
222	-106.131
223	-106.409
224	-106.655
225	-106.869
226	-107.05
227	-107.198
228	-107.314
229	-107.397
230	-107.447
231	-107.465
232	-107.449
233	-107.401
234	-107.321
235	-107.208
236	-107.062
237	-106.883
238	-106.672
239	-106.428
240	-106.152
241	-105.844
242	-105.503
243	-105.13
244	-104.726
245	-104.289
246	-103.82
247	-103.32
248	-102.789
249	-102.226
250	-101.632
251	-101.007
252	-100.351
253	-99.665
254	-98.9483
255	-98.2015
256	-97.4248
257	-96.6184
258	-95.7826
259	-94.9176
260	-94.0237
261	-93.1012
262	-92.1503
263	-91.1713
264	-90.1645
265	-89.1303
266	-88.069
267	-86.9808
268	-85.8661
269	-84.7253
270	-83.5586
271	-82.3665
272	-81.1493
273	-79.9074
274	-78.6412
275	-77.351
276	-76.0372
277	-74.7003
278	-73.3406
279	-71.9586
280	-70.5546
281	-69.1292
282	-67.6827
283	-66.2156
284	-64.7283
285	-63.2213
286	-61.6951
287	-60.15
288	-58.5867
289	-57.0055
290	-55.4069
291	-53.7914
292	-52.1596
293	-50.5119
294	-48.8487
295	-47.1707
296	-45.4784
297	-43.7722
298	-42.0526
299	-40.3203
300	-38.5756
301	-36.8192
302	-35.0516
303	-33.2733
304	-31.4849
305	-29.6869
306	-27.8798
307	-26.0643
308	-24.2408
309	-22.4099
310	-20.5723
311	-18.7283
312	-16.8786
313	-15.0238
314	-13.1644
315	-11.301
316	-9.4342
317	-7.56449
318	-5.69248
319	-3.81873
320	-1.94381
321	-0.0683107
322	1.80721
323	3.68219
324	5.55604
325	7.4282
326	9.2981
327	11.1652
328	13.0288
329	14.8885
330	16.7437
331	18.5937
332	20.4381
333	22.2763
334	24.1077
335	25.9317
336	27.7479
337	29.5556
338	31.3543
339	33.1434
340	34.9224
341	36.6908
342	38.4481
343	40.1936
344	41.9269
345	43.6474
346	45.3546
347	47.048
348	48.727
349	50.3912
350	52.0401
351	53.6731
352	55.2898
353	56.8896
354	58.4721
355	60.0368
356	61.5832
357	63.1108
358	64.6192
359	66.1079
360	67.5765
Phase Current ic
