Winding Currents under Load 
Air-Gap Position (elec. degrees)
Current (A)
0	-110.972
1	-110.62
2	-110.233
3	-109.812
4	-109.357
5	-108.871
6	-108.353
7	-107.805
8	-107.228
9	-106.622
10	-105.984
11	-105.315
12	-104.613
13	-103.879
14	-103.111
15	-102.311
16	-101.478
17	-100.612
18	-99.713
19	-98.7816
20	-97.8181
21	-96.823
22	-95.7971
23	-94.741
24	-93.6566
25	-92.5452
26	-91.4081
27	-90.2471
28	-89.063
29	-87.8555
30	-86.6235
31	-85.3659
32	-84.0822
33	-82.7727
34	-81.4372
35	-80.0764
36	-78.6917
37	-77.2837
38	-75.8528
39	-74.3987
40	-72.9215
41	-71.4215
42	-69.8988
43	-68.3537
44	-66.788
45	-65.2028
46	-63.5995
47	-61.9801
48	-60.3454
49	-58.6953
50	-57.0288
51	-55.3449
52	-53.6433
53	-51.9242
54	-50.1878
55	-48.4349
56	-46.6669
57	-44.8845
58	-43.0883
59	-41.2783
60	-39.4542
61	-37.6168
62	-35.7659
63	-33.902
64	-32.0266
65	-30.1408
66	-28.2457
67	-26.3431
68	-24.4338
69	-22.5182
70	-20.5958
71	-18.666
72	-16.7292
73	-14.7858
74	-12.8365
75	-10.8826
76	-8.92601
77	-6.96791
78	-5.00909
79	-3.04936
80	-1.08827
81	0.87386
82	2.83742
83	4.80227
84	6.76728
85	8.73174
86	10.6947
87	12.6548
88	14.6112
89	16.5633
90	18.511
91	20.4545
92	22.3932
93	24.3261
94	26.2522
95	28.1698
96	30.0767
97	31.9712
98	33.8522
99	35.7203
100	37.5762
101	39.4198
102	41.2519
103	43.0726
104	44.8809
105	46.6761
106	48.4575
107	50.2238
108	51.9741
109	53.708
110	55.4254
111	57.1266
112	58.8109
113	60.4775
114	62.1256
115	63.7535
116	65.3589
117	66.9405
118	68.4972
119	70.0297
120	71.5389
121	73.0249
122	74.4889
123	75.9313
124	77.3521
125	78.7513
126	80.1286
127	81.4836
128	82.816
129	84.1249
130	85.4098
131	86.6702
132	87.9054
133	89.1144
134	90.2963
135	91.4498
136	92.5733
137	93.6654
138	94.7254
139	95.7538
140	96.7514
141	97.7184
142	98.6561
143	99.5648
144	100.446
145	101.299
146	102.124
147	102.924
148	103.696
149	104.441
150	105.156
151	105.842
152	106.497
153	107.121
154	107.711
155	108.268
156	108.79
157	109.277
158	109.727
159	110.141
160	110.52
161	110.863
162	111.173
163	111.448
164	111.691
165	111.901
166	112.079
167	112.226
168	112.342
169	112.426
170	112.477
171	112.494
172	112.477
173	112.424
174	112.336
175	112.211
176	112.048
177	111.848
178	111.608
179	111.331
180	111.016
181	110.664
182	110.278
183	109.856
184	109.402
185	108.915
186	108.397
187	107.85
188	107.273
189	106.666
190	106.029
191	105.359
192	104.658
193	103.923
194	103.156
195	102.355
196	101.522
197	100.656
198	99.7576
199	98.8263
200	97.8628
201	96.8678
202	95.8419
203	94.7858
204	93.7015
205	92.5901
206	91.453
207	90.2921
208	89.108
209	87.9005
210	86.6686
211	85.411
212	84.1274
213	82.8178
214	81.4823
215	80.1216
216	78.737
217	77.329
218	75.8981
219	74.4441
220	72.9669
221	71.4669
222	69.9442
223	68.3991
224	66.8334
225	65.2482
226	63.645
227	62.0256
228	60.391
229	58.7409
230	57.0744
231	55.3905
232	53.6889
233	51.9699
234	50.2334
235	48.4806
236	46.7126
237	44.9302
238	43.134
239	41.324
240	39.5
241	37.6625
242	35.8116
243	33.9477
244	32.0724
245	30.1865
246	28.2914
247	26.3888
248	24.4795
249	22.5639
250	20.6415
251	18.7118
252	16.7749
253	14.8315
254	12.8822
255	10.9283
256	8.97169
257	7.01358
258	5.05475
259	3.09501
260	1.1339
261	-0.828242
262	-2.79182
263	-4.75668
264	-6.72171
265	-8.68619
266	-10.6492
267	-12.6093
268	-14.5657
269	-16.5178
270	-18.4656
271	-20.4091
272	-22.3478
273	-24.2807
274	-26.2069
275	-28.1245
276	-30.0314
277	-31.9259
278	-33.807
279	-35.6751
280	-37.531
281	-39.3747
282	-41.2068
283	-43.0275
284	-44.8358
285	-46.6311
286	-48.4125
287	-50.1788
288	-51.9292
289	-53.6631
290	-55.3805
291	-57.0817
292	-58.7661
293	-60.4328
294	-62.0809
295	-63.7088
296	-65.3143
297	-66.8959
298	-68.4526
299	-69.9851
300	-71.4944
301	-72.9804
302	-74.4444
303	-75.8869
304	-77.3077
305	-78.7069
306	-80.0842
307	-81.4393
308	-82.7717
309	-84.0807
310	-85.3656
311	-86.626
312	-87.8612
313	-89.0702
314	-90.2522
315	-91.4057
316	-92.5292
317	-93.6213
318	-94.6814
319	-95.7098
320	-96.7074
321	-97.6745
322	-98.6121
323	-99.5209
324	-100.402
325	-101.255
326	-102.081
327	-102.88
328	-103.652
329	-104.397
330	-105.112
331	-105.798
332	-106.453
333	-107.077
334	-107.667
335	-108.224
336	-108.747
337	-109.233
338	-109.683
339	-110.097
340	-110.476
341	-110.82
342	-111.129
343	-111.405
344	-111.647
345	-111.857
346	-112.035
347	-112.182
348	-112.298
349	-112.382
350	-112.433
351	-112.45
352	-112.433
353	-112.38
354	-112.292
355	-112.167
356	-112.004
357	-111.804
358	-111.564
359	-111.286
360	-110.972
Phase Current ia
0	39.4625
1	37.6251
2	35.7742
3	33.9103
4	32.0349
5	30.149
6	28.2539
7	26.3513
8	24.442
9	22.5264
10	20.604
11	18.6742
12	16.7373
13	14.7939
14	12.8446
15	10.8907
16	8.93409
17	6.97597
18	5.01714
19	3.05739
20	1.09628
21	-0.865865
22	-2.82944
23	-4.79431
24	-6.75933
25	-8.72381
26	-10.6868
27	-12.6469
28	-14.6033
29	-16.5554
30	-18.5032
31	-20.4467
32	-22.3854
33	-24.3183
34	-26.2444
35	-28.1621
36	-30.069
37	-31.9634
38	-33.8445
39	-35.7126
40	-37.5685
41	-39.4121
42	-41.2442
43	-43.0649
44	-44.8732
45	-46.6685
46	-48.4499
47	-50.2162
48	-51.9665
49	-53.7004
50	-55.4178
51	-57.119
52	-58.8033
53	-60.47
54	-62.1181
55	-63.7459
56	-65.3514
57	-66.9329
58	-68.4897
59	-70.0221
60	-71.5313
61	-73.0174
62	-74.4814
63	-75.9238
64	-77.3446
65	-78.7438
66	-80.1211
67	-81.4761
68	-82.8085
69	-84.1174
70	-85.4023
71	-86.6627
72	-87.8979
73	-89.1069
74	-90.2888
75	-91.4423
76	-92.5657
77	-93.6579
78	-94.7179
79	-95.7462
80	-96.7438
81	-97.7109
82	-98.6485
83	-99.5573
84	-100.438
85	-101.291
86	-102.117
87	-102.916
88	-103.688
89	-104.433
90	-105.149
91	-105.835
92	-106.49
93	-107.113
94	-107.704
95	-108.26
96	-108.783
97	-109.269
98	-109.719
99	-110.133
100	-110.512
101	-110.856
102	-111.165
103	-111.441
104	-111.683
105	-111.893
106	-112.071
107	-112.218
108	-112.334
109	-112.418
110	-112.469
111	-112.486
112	-112.469
113	-112.416
114	-112.328
115	-112.203
116	-112.04
117	-111.84
118	-111.6
119	-111.322
120	-111.008
121	-110.656
122	-110.269
123	-109.848
124	-109.393
125	-108.907
126	-108.389
127	-107.841
128	-107.265
129	-106.658
130	-106.02
131	-105.351
132	-104.649
133	-103.915
134	-103.148
135	-102.347
136	-101.514
137	-100.648
138	-99.7493
139	-98.818
140	-97.8545
141	-96.8594
142	-95.8335
143	-94.7774
144	-93.6931
145	-92.5817
146	-91.4446
147	-90.2837
148	-89.0996
149	-87.8921
150	-86.6602
151	-85.4026
152	-84.119
153	-82.8094
154	-81.4739
155	-80.1132
156	-78.7286
157	-77.3206
158	-75.8896
159	-74.4356
160	-72.9585
161	-71.4585
162	-69.9358
163	-68.3907
164	-66.825
165	-65.2398
166	-63.6366
167	-62.0172
168	-60.3826
169	-58.7325
170	-57.066
171	-55.3821
172	-53.6806
173	-51.9615
174	-50.2251
175	-48.4722
176	-46.7042
177	-44.9219
178	-43.1257
179	-41.3157
180	-39.4917
181	-37.6542
182	-35.8034
183	-33.9395
184	-32.0641
185	-30.1783
186	-28.2832
187	-26.3806
188	-24.4714
189	-22.5558
190	-20.6334
191	-18.7036
192	-16.7668
193	-14.8234
194	-12.8741
195	-10.9203
196	-8.96365
197	-7.00555
198	-5.04674
199	-3.08701
200	-1.12593
201	0.836205
202	2.79977
203	4.76461
204	6.72963
205	8.69409
206	10.657
207	12.6172
208	14.5736
209	16.5257
210	18.4734
211	20.4169
212	22.3556
213	24.2885
214	26.2146
215	28.1323
216	30.0392
217	31.9336
218	33.8147
219	35.6828
220	37.5387
221	39.3823
222	41.2144
223	43.0352
224	44.8434
225	46.6387
226	48.4201
227	50.1864
228	51.9368
229	53.6707
230	55.3881
231	57.0893
232	58.7737
233	60.4403
234	62.0884
235	63.7163
236	65.3218
237	66.9034
238	68.4601
239	69.9926
240	71.5018
241	72.9879
242	74.4519
243	75.8943
244	77.3152
245	78.7144
246	80.0917
247	81.4468
248	82.7792
249	84.0881
250	85.373
251	86.6335
252	87.8687
253	89.0777
254	90.2597
255	91.4132
256	92.5367
257	93.6288
258	94.6889
259	95.7173
260	96.7149
261	97.682
262	98.6197
263	99.5284
264	100.409
265	101.262
266	102.088
267	102.887
268	103.66
269	104.404
270	105.12
271	105.806
272	106.461
273	107.084
274	107.675
275	108.232
276	108.754
277	109.241
278	109.691
279	110.105
280	110.484
281	110.827
282	111.137
283	111.412
284	111.655
285	111.865
286	112.043
287	112.19
288	112.306
289	112.39
290	112.441
291	112.458
292	112.441
293	112.388
294	112.3
295	112.175
296	112.012
297	111.812
298	111.572
299	111.295
300	110.98
301	110.628
302	110.241
303	109.82
304	109.365
305	108.879
306	108.361
307	107.813
308	107.237
309	106.63
310	105.992
311	105.323
312	104.621
313	103.887
314	103.12
315	102.319
316	101.486
317	100.62
318	99.7213
319	98.79
320	97.8265
321	96.8314
322	95.8055
323	94.7493
324	93.665
325	92.5536
326	91.4165
327	90.2555
328	89.0714
329	87.8639
330	86.632
331	85.3743
332	84.0907
333	82.7811
334	81.4456
335	80.0849
336	78.7002
337	77.2922
338	75.8612
339	74.4072
340	72.93
341	71.43
342	69.9073
343	68.3621
344	66.7964
345	65.2112
346	63.6079
347	61.9885
348	60.3538
349	58.7037
350	57.0372
351	55.3533
352	53.6517
353	51.9326
354	50.1962
355	48.4432
356	46.6752
357	44.8929
358	43.0966
359	41.2866
360	39.4625
Phase Current ib
0	71.5091
1	72.9951
2	74.4591
3	75.9015
4	77.3224
5	78.7215
6	80.0989
7	81.4539
8	82.7863
9	84.0953
10	85.3801
11	86.6406
12	87.8757
13	89.0848
14	90.2667
15	91.4202
16	92.5437
17	93.6358
18	94.6958
19	95.7242
20	96.7218
21	97.6889
22	98.6265
23	99.5353
24	100.416
25	101.269
26	102.095
27	102.894
28	103.666
29	104.411
30	105.127
31	105.813
32	106.468
33	107.091
34	107.682
35	108.238
36	108.761
37	109.247
38	109.697
39	110.111
40	110.49
41	110.834
42	111.143
43	111.419
44	111.661
45	111.871
46	112.049
47	112.196
48	112.312
49	112.396
50	112.447
51	112.464
52	112.447
53	112.394
54	112.306
55	112.181
56	112.018
57	111.817
58	111.578
59	111.3
60	110.986
61	110.634
62	110.247
63	109.826
64	109.371
65	108.885
66	108.367
67	107.819
68	107.242
69	106.636
70	105.998
71	105.329
72	104.627
73	103.893
74	103.125
75	102.325
76	101.492
77	100.626
78	99.727
79	98.7956
80	97.8321
81	96.837
82	95.8111
83	94.755
84	93.6707
85	92.5593
86	91.4222
87	90.2612
88	89.0771
89	87.8696
90	86.6376
91	85.38
92	84.0964
93	82.7868
94	81.4513
95	80.0906
96	78.7059
97	77.2979
98	75.867
99	74.413
100	72.9358
101	71.4358
102	69.9131
103	68.368
104	66.8023
105	65.2171
106	63.6138
107	61.9944
108	60.3598
109	58.7097
110	57.0432
111	55.3593
112	53.6578
113	51.9387
114	50.2023
115	48.4494
116	46.6814
117	44.8991
118	43.1029
119	41.2928
120	39.4688
121	37.6313
122	35.7805
123	33.9166
124	32.0413
125	30.1554
126	28.2604
127	26.3578
128	24.4485
129	22.5329
130	20.6105
131	18.6808
132	16.7439
133	14.8006
134	12.8513
135	10.8974
136	8.9408
137	6.98271
138	5.0239
139	3.06418
140	1.1031
141	-0.85902
142	-2.82257
143	-4.78741
144	-6.75242
145	-8.71687
146	-10.6798
147	-12.6399
148	-14.5963
149	-16.5484
150	-18.4961
151	-20.4396
152	-22.3783
153	-24.3112
154	-26.2373
155	-28.1549
156	-30.0618
157	-31.9563
158	-33.8373
159	-35.7054
160	-37.5613
161	-39.4049
162	-41.237
163	-43.0577
164	-44.866
165	-46.6612
166	-48.4426
167	-50.2089
168	-51.9592
169	-53.6931
170	-55.4105
171	-57.1117
172	-58.7961
173	-60.4627
174	-62.1108
175	-63.7386
176	-65.3441
177	-66.9257
178	-68.4824
179	-70.0149
180	-71.5241
181	-73.0101
182	-74.4741
183	-75.9166
184	-77.3374
185	-78.7366
186	-80.1139
187	-81.469
188	-82.8013
189	-84.1103
190	-85.3951
191	-86.6556
192	-87.8908
193	-89.0998
194	-90.2817
195	-91.4352
196	-92.5587
197	-93.6509
198	-94.7109
199	-95.7393
200	-96.7369
201	-97.704
202	-98.6416
203	-99.5504
204	-100.431
205	-101.284
206	-102.11
207	-102.909
208	-103.682
209	-104.426
210	-105.142
211	-105.828
212	-106.483
213	-107.106
214	-107.697
215	-108.254
216	-108.776
217	-109.263
218	-109.713
219	-110.127
220	-110.506
221	-110.849
222	-111.159
223	-111.434
224	-111.677
225	-111.887
226	-112.065
227	-112.212
228	-112.328
229	-112.412
230	-112.463
231	-112.48
232	-112.463
233	-112.41
234	-112.322
235	-112.197
236	-112.034
237	-111.834
238	-111.594
239	-111.317
240	-111.002
241	-110.65
242	-110.264
243	-109.842
244	-109.388
245	-108.901
246	-108.383
247	-107.836
248	-107.259
249	-106.652
250	-106.015
251	-105.345
252	-104.644
253	-103.909
254	-103.142
255	-102.342
256	-101.508
257	-100.642
258	-99.7436
259	-98.8123
260	-97.8488
261	-96.8537
262	-95.8278
263	-94.7718
264	-93.6874
265	-92.5761
266	-91.439
267	-90.278
268	-89.0939
269	-87.8864
270	-86.6545
271	-85.3968
272	-84.1132
273	-82.8037
274	-81.4682
275	-80.1075
276	-78.7228
277	-77.3148
278	-75.8838
279	-74.4298
280	-72.9526
281	-71.4526
282	-69.9299
283	-68.3848
284	-66.8191
285	-65.2339
286	-63.6306
287	-62.0112
288	-60.3766
289	-58.7265
290	-57.06
291	-55.3761
292	-53.6745
293	-51.9554
294	-50.219
295	-48.4661
296	-46.698
297	-44.9157
298	-43.1195
299	-41.3094
300	-39.4854
301	-37.6479
302	-35.797
303	-33.9331
304	-32.0577
305	-30.1719
306	-28.2768
307	-26.3741
308	-24.4648
309	-22.5492
310	-20.6268
311	-18.697
312	-16.7601
313	-14.8168
314	-12.8674
315	-10.9135
316	-8.9569
317	-6.99877
318	-5.03993
319	-3.08018
320	-1.11907
321	0.843089
322	2.80668
323	4.77155
324	6.73659
325	8.70107
326	10.664
327	12.6242
328	14.5806
329	16.5327
330	18.4805
331	20.424
332	22.3627
333	24.2956
334	26.2218
335	28.1394
336	30.0464
337	31.9408
338	33.8219
339	35.69
340	37.5459
341	39.3896
342	41.2217
343	43.0424
344	44.8507
345	46.646
346	48.4274
347	50.1937
348	51.9441
349	53.678
350	55.3954
351	57.0966
352	58.781
353	60.4476
354	62.0957
355	63.7236
356	65.3291
357	66.9107
358	68.4674
359	69.9999
360	71.5091
Phase Current ic
