Winding Currents under Load 
Air-Gap Position (elec. degrees)
Current (A)
0	-85.6397
1	-85.3208
2	-84.9759
3	-84.6052
4	-84.2087
5	-83.7865
6	-83.3388
7	-82.8657
8	-82.3674
9	-81.844
10	-81.2957
11	-80.7226
12	-80.1249
13	-79.5028
14	-78.8565
15	-78.1861
16	-77.492
17	-76.7742
18	-76.0331
19	-75.2688
20	-74.4815
21	-73.6716
22	-72.8392
23	-71.9847
24	-71.1082
25	-70.2101
26	-69.2906
27	-68.3499
28	-67.3885
29	-66.4065
30	-65.4043
31	-64.3822
32	-63.3404
33	-62.2794
34	-61.1994
35	-60.1008
36	-58.9838
37	-57.8489
38	-56.6963
39	-55.5265
40	-54.3398
41	-53.1365
42	-51.9171
43	-50.6818
44	-49.4311
45	-48.1653
46	-46.8848
47	-45.5901
48	-44.2815
49	-42.9594
50	-41.6242
51	-40.2763
52	-38.9162
53	-37.5442
54	-36.1608
55	-34.7663
56	-33.3613
57	-31.9461
58	-30.5212
59	-29.087
60	-27.6439
61	-26.1924
62	-24.7329
63	-23.2659
64	-21.7918
65	-20.311
66	-18.8241
67	-17.3315
68	-15.8335
69	-14.3308
70	-12.8236
71	-11.3126
72	-9.79811
73	-8.28064
74	-6.76066
75	-5.23861
76	-3.71497
77	-2.19019
78	-0.664749
79	0.860896
80	2.38628
81	3.91093
82	5.4344
83	6.95621
84	8.4759
85	9.993
86	11.5071
87	13.0176
88	14.5242
89	16.0264
90	17.5237
91	19.0156
92	20.5018
93	21.9817
94	23.4549
95	24.921
96	26.3795
97	27.8299
98	29.2719
99	30.7049
100	32.1286
101	33.5425
102	34.9462
103	36.3393
104	37.7213
105	39.0918
106	40.4503
107	41.7966
108	43.1301
109	44.4505
110	45.7574
111	47.0503
112	48.3289
113	49.5927
114	50.8415
115	52.0747
116	53.2921
117	54.4933
118	55.6779
119	56.8455
120	57.9958
121	59.1284
122	60.243
123	61.3393
124	62.4169
125	63.4755
126	64.5147
127	65.5343
128	66.5339
129	67.5133
130	68.472
131	69.41
132	70.3268
133	71.2221
134	72.0958
135	72.9475
136	73.777
137	74.584
138	75.3683
139	76.1297
140	76.8678
141	77.5825
142	78.2736
143	78.9409
144	79.5841
145	80.2031
146	80.7976
147	81.3676
148	81.9127
149	82.4329
150	82.928
151	83.3978
152	83.8422
153	84.2611
154	84.6543
155	85.0217
156	85.3633
157	85.6788
158	85.9682
159	86.2315
160	86.4684
161	86.6791
162	86.8633
163	87.0211
164	87.1523
165	87.257
166	87.3352
167	87.3867
168	87.4116
169	87.4099
170	87.3816
171	87.3266
172	87.2451
173	87.1369
174	87.0023
175	86.8411
176	86.6535
177	86.4394
178	86.1991
179	85.9325
180	85.6397
181	85.3208
182	84.9759
183	84.6052
184	84.2087
185	83.7865
186	83.3388
187	82.8657
188	82.3674
189	81.844
190	81.2957
191	80.7226
192	80.1249
193	79.5028
194	78.8565
195	78.1861
196	77.492
197	76.7742
198	76.0331
199	75.2688
200	74.4815
201	73.6716
202	72.8392
203	71.9847
204	71.1082
205	70.2101
206	69.2906
207	68.3499
208	67.3885
209	66.4065
210	65.4043
211	64.3822
212	63.3404
213	62.2794
214	61.1994
215	60.1008
216	58.9838
217	57.8489
218	56.6963
219	55.5265
220	54.3398
221	53.1365
222	51.9171
223	50.6818
224	49.4311
225	48.1653
226	46.8848
227	45.5901
228	44.2815
229	42.9594
230	41.6242
231	40.2763
232	38.9162
233	37.5442
234	36.1608
235	34.7663
236	33.3613
237	31.9461
238	30.5212
239	29.087
240	27.6439
241	26.1924
242	24.7329
243	23.2659
244	21.7918
245	20.311
246	18.8241
247	17.3315
248	15.8335
249	14.3308
250	12.8236
251	11.3126
252	9.79811
253	8.28064
254	6.76066
255	5.23861
256	3.71497
257	2.19019
258	0.664749
259	-0.860896
260	-2.38628
261	-3.91093
262	-5.4344
263	-6.95621
264	-8.4759
265	-9.993
266	-11.5071
267	-13.0176
268	-14.5242
269	-16.0264
270	-17.5237
271	-19.0156
272	-20.5018
273	-21.9817
274	-23.4549
275	-24.921
276	-26.3795
277	-27.8299
278	-29.2719
279	-30.7049
280	-32.1286
281	-33.5425
282	-34.9462
283	-36.3393
284	-37.7213
285	-39.0918
286	-40.4503
287	-41.7966
288	-43.1301
289	-44.4505
290	-45.7574
291	-47.0503
292	-48.3289
293	-49.5927
294	-50.8415
295	-52.0747
296	-53.2921
297	-54.4933
298	-55.6779
299	-56.8455
300	-57.9958
301	-59.1284
302	-60.243
303	-61.3393
304	-62.4169
305	-63.4755
306	-64.5147
307	-65.5343
308	-66.5339
309	-67.5133
310	-68.472
311	-69.41
312	-70.3268
313	-71.2221
314	-72.0958
315	-72.9475
316	-73.777
317	-74.584
318	-75.3683
319	-76.1297
320	-76.8678
321	-77.5825
322	-78.2736
323	-78.9409
324	-79.5841
325	-80.2031
326	-80.7976
327	-81.3676
328	-81.9127
329	-82.4329
330	-82.928
331	-83.3978
332	-83.8422
333	-84.2611
334	-84.6543
335	-85.0217
336	-85.3633
337	-85.6788
338	-85.9682
339	-86.2315
340	-86.4684
341	-86.6791
342	-86.8633
343	-87.0211
344	-87.1523
345	-87.257
346	-87.3352
347	-87.3867
348	-87.4116
349	-87.4099
350	-87.3816
351	-87.3266
352	-87.2451
353	-87.1369
354	-87.0023
355	-86.8411
356	-86.6535
357	-86.4394
358	-86.1991
359	-85.9325
360	-85.6397
Phase Current ia
0	27.6439
1	26.1924
2	24.7329
3	23.2659
4	21.7918
5	20.311
6	18.8241
7	17.3315
8	15.8335
9	14.3308
10	12.8236
11	11.3126
12	9.79811
13	8.28064
14	6.76066
15	5.23861
16	3.71497
17	2.19019
18	0.664749
19	-0.860896
20	-2.38628
21	-3.91093
22	-5.4344
23	-6.95621
24	-8.4759
25	-9.993
26	-11.5071
27	-13.0176
28	-14.5242
29	-16.0264
30	-17.5237
31	-19.0156
32	-20.5018
33	-21.9817
34	-23.4549
35	-24.921
36	-26.3795
37	-27.8299
38	-29.2719
39	-30.7049
40	-32.1286
41	-33.5425
42	-34.9462
43	-36.3393
44	-37.7213
45	-39.0918
46	-40.4503
47	-41.7966
48	-43.1301
49	-44.4505
50	-45.7574
51	-47.0503
52	-48.3289
53	-49.5927
54	-50.8415
55	-52.0747
56	-53.2921
57	-54.4933
58	-55.6779
59	-56.8455
60	-57.9958
61	-59.1284
62	-60.243
63	-61.3393
64	-62.4169
65	-63.4755
66	-64.5147
67	-65.5343
68	-66.5339
69	-67.5133
70	-68.472
71	-69.41
72	-70.3268
73	-71.2221
74	-72.0958
75	-72.9475
76	-73.777
77	-74.584
78	-75.3683
79	-76.1297
80	-76.8678
81	-77.5825
82	-78.2736
83	-78.9409
84	-79.5841
85	-80.2031
86	-80.7976
87	-81.3676
88	-81.9127
89	-82.4329
90	-82.928
91	-83.3978
92	-83.8422
93	-84.2611
94	-84.6543
95	-85.0217
96	-85.3633
97	-85.6788
98	-85.9682
99	-86.2315
100	-86.4684
101	-86.6791
102	-86.8633
103	-87.0211
104	-87.1523
105	-87.257
106	-87.3352
107	-87.3867
108	-87.4116
109	-87.4099
110	-87.3816
111	-87.3266
112	-87.2451
113	-87.1369
114	-87.0023
115	-86.8411
116	-86.6535
117	-86.4394
118	-86.1991
119	-85.9325
120	-85.6397
121	-85.3208
122	-84.9759
123	-84.6052
124	-84.2087
125	-83.7865
126	-83.3388
127	-82.8657
128	-82.3674
129	-81.844
130	-81.2957
131	-80.7226
132	-80.1249
133	-79.5028
134	-78.8565
135	-78.1861
136	-77.492
137	-76.7742
138	-76.0331
139	-75.2688
140	-74.4815
141	-73.6716
142	-72.8392
143	-71.9847
144	-71.1082
145	-70.2101
146	-69.2906
147	-68.3499
148	-67.3885
149	-66.4065
150	-65.4043
151	-64.3822
152	-63.3404
153	-62.2794
154	-61.1994
155	-60.1008
156	-58.9838
157	-57.8489
158	-56.6963
159	-55.5265
160	-54.3398
161	-53.1365
162	-51.9171
163	-50.6818
164	-49.4311
165	-48.1653
166	-46.8848
167	-45.5901
168	-44.2815
169	-42.9594
170	-41.6242
171	-40.2763
172	-38.9162
173	-37.5442
174	-36.1608
175	-34.7663
176	-33.3613
177	-31.9461
178	-30.5212
179	-29.087
180	-27.6439
181	-26.1924
182	-24.7329
183	-23.2659
184	-21.7918
185	-20.311
186	-18.8241
187	-17.3315
188	-15.8335
189	-14.3308
190	-12.8236
191	-11.3126
192	-9.79811
193	-8.28064
194	-6.76066
195	-5.23861
196	-3.71497
197	-2.19019
198	-0.664749
199	0.860896
200	2.38628
201	3.91093
202	5.4344
203	6.95621
204	8.4759
205	9.993
206	11.5071
207	13.0176
208	14.5242
209	16.0264
210	17.5237
211	19.0156
212	20.5018
213	21.9817
214	23.4549
215	24.921
216	26.3795
217	27.8299
218	29.2719
219	30.7049
220	32.1286
221	33.5425
222	34.9462
223	36.3393
224	37.7213
225	39.0918
226	40.4503
227	41.7966
228	43.1301
229	44.4505
230	45.7574
231	47.0503
232	48.3289
233	49.5927
234	50.8415
235	52.0747
236	53.2921
237	54.4933
238	55.6779
239	56.8455
240	57.9958
241	59.1284
242	60.243
243	61.3393
244	62.4169
245	63.4755
246	64.5147
247	65.5343
248	66.5339
249	67.5133
250	68.472
251	69.41
252	70.3268
253	71.2221
254	72.0958
255	72.9475
256	73.777
257	74.584
258	75.3683
259	76.1297
260	76.8678
261	77.5825
262	78.2736
263	78.9409
264	79.5841
265	80.2031
266	80.7976
267	81.3676
268	81.9127
269	82.4329
270	82.928
271	83.3978
272	83.8422
273	84.2611
274	84.6543
275	85.0217
276	85.3633
277	85.6788
278	85.9682
279	86.2315
280	86.4684
281	86.6791
282	86.8633
283	87.0211
284	87.1523
285	87.257
286	87.3352
287	87.3867
288	87.4116
289	87.4099
290	87.3816
291	87.3266
292	87.2451
293	87.1369
294	87.0023
295	86.8411
296	86.6535
297	86.4394
298	86.1991
299	85.9325
300	85.6397
301	85.3208
302	84.9759
303	84.6052
304	84.2087
305	83.7865
306	83.3388
307	82.8657
308	82.3674
309	81.844
310	81.2957
311	80.7226
312	80.1249
313	79.5028
314	78.8565
315	78.1861
316	77.492
317	76.7742
318	76.0331
319	75.2688
320	74.4815
321	73.6716
322	72.8392
323	71.9847
324	71.1082
325	70.2101
326	69.2906
327	68.3499
328	67.3885
329	66.4065
330	65.4043
331	64.3822
332	63.3404
333	62.2794
334	61.1994
335	60.1008
336	58.9838
337	57.8489
338	56.6963
339	55.5265
340	54.3398
341	53.1365
342	51.9171
343	50.6818
344	49.4311
345	48.1653
346	46.8848
347	45.5901
348	44.2815
349	42.9594
350	41.6242
351	40.2763
352	38.9162
353	37.5442
354	36.1608
355	34.7663
356	33.3613
357	31.9461
358	30.5212
359	29.087
360	27.6439
Phase Current ib
0	57.9958
1	59.1284
2	60.243
3	61.3393
4	62.4169
5	63.4755
6	64.5147
7	65.5343
8	66.5339
9	67.5133
10	68.472
11	69.41
12	70.3268
13	71.2221
14	72.0958
15	72.9475
16	73.777
17	74.584
18	75.3683
19	76.1297
20	76.8678
21	77.5825
22	78.2736
23	78.9409
24	79.5841
25	80.2031
26	80.7976
27	81.3676
28	81.9127
29	82.4329
30	82.928
31	83.3978
32	83.8422
33	84.2611
34	84.6543
35	85.0217
36	85.3633
37	85.6788
38	85.9682
39	86.2315
40	86.4684
41	86.6791
42	86.8633
43	87.0211
44	87.1523
45	87.257
46	87.3352
47	87.3867
48	87.4116
49	87.4099
50	87.3816
51	87.3266
52	87.2451
53	87.1369
54	87.0023
55	86.8411
56	86.6535
57	86.4394
58	86.1991
59	85.9325
60	85.6397
61	85.3208
62	84.9759
63	84.6052
64	84.2087
65	83.7865
66	83.3388
67	82.8657
68	82.3674
69	81.844
70	81.2957
71	80.7226
72	80.1249
73	79.5028
74	78.8565
75	78.1861
76	77.492
77	76.7742
78	76.0331
79	75.2688
80	74.4815
81	73.6716
82	72.8392
83	71.9847
84	71.1082
85	70.2101
86	69.2906
87	68.3499
88	67.3885
89	66.4065
90	65.4043
91	64.3822
92	63.3404
93	62.2794
94	61.1994
95	60.1008
96	58.9838
97	57.8489
98	56.6963
99	55.5265
100	54.3398
101	53.1365
102	51.9171
103	50.6818
104	49.4311
105	48.1653
106	46.8848
107	45.5901
108	44.2815
109	42.9594
110	41.6242
111	40.2763
112	38.9162
113	37.5442
114	36.1608
115	34.7663
116	33.3613
117	31.9461
118	30.5212
119	29.087
120	27.6439
121	26.1924
122	24.7329
123	23.2659
124	21.7918
125	20.311
126	18.8241
127	17.3315
128	15.8335
129	14.3308
130	12.8236
131	11.3126
132	9.79811
133	8.28064
134	6.76066
135	5.23861
136	3.71497
137	2.19019
138	0.664749
139	-0.860896
140	-2.38628
141	-3.91093
142	-5.4344
143	-6.95621
144	-8.4759
145	-9.993
146	-11.5071
147	-13.0176
148	-14.5242
149	-16.0264
150	-17.5237
151	-19.0156
152	-20.5018
153	-21.9817
154	-23.4549
155	-24.921
156	-26.3795
157	-27.8299
158	-29.2719
159	-30.7049
160	-32.1286
161	-33.5425
162	-34.9462
163	-36.3393
164	-37.7213
165	-39.0918
166	-40.4503
167	-41.7966
168	-43.1301
169	-44.4505
170	-45.7574
171	-47.0503
172	-48.3289
173	-49.5927
174	-50.8415
175	-52.0747
176	-53.2921
177	-54.4933
178	-55.6779
179	-56.8455
180	-57.9958
181	-59.1284
182	-60.243
183	-61.3393
184	-62.4169
185	-63.4755
186	-64.5147
187	-65.5343
188	-66.5339
189	-67.5133
190	-68.472
191	-69.41
192	-70.3268
193	-71.2221
194	-72.0958
195	-72.9475
196	-73.777
197	-74.584
198	-75.3683
199	-76.1297
200	-76.8678
201	-77.5825
202	-78.2736
203	-78.9409
204	-79.5841
205	-80.2031
206	-80.7976
207	-81.3676
208	-81.9127
209	-82.4329
210	-82.928
211	-83.3978
212	-83.8422
213	-84.2611
214	-84.6543
215	-85.0217
216	-85.3633
217	-85.6788
218	-85.9682
219	-86.2315
220	-86.4684
221	-86.6791
222	-86.8633
223	-87.0211
224	-87.1523
225	-87.257
226	-87.3352
227	-87.3867
228	-87.4116
229	-87.4099
230	-87.3816
231	-87.3266
232	-87.2451
233	-87.1369
234	-87.0023
235	-86.8411
236	-86.6535
237	-86.4394
238	-86.1991
239	-85.9325
240	-85.6397
241	-85.3208
242	-84.9759
243	-84.6052
244	-84.2087
245	-83.7865
246	-83.3388
247	-82.8657
248	-82.3674
249	-81.844
250	-81.2957
251	-80.7226
252	-80.1249
253	-79.5028
254	-78.8565
255	-78.1861
256	-77.492
257	-76.7742
258	-76.0331
259	-75.2688
260	-74.4815
261	-73.6716
262	-72.8392
263	-71.9847
264	-71.1082
265	-70.2101
266	-69.2906
267	-68.3499
268	-67.3885
269	-66.4065
270	-65.4043
271	-64.3822
272	-63.3404
273	-62.2794
274	-61.1994
275	-60.1008
276	-58.9838
277	-57.8489
278	-56.6963
279	-55.5265
280	-54.3398
281	-53.1365
282	-51.9171
283	-50.6818
284	-49.4311
285	-48.1653
286	-46.8848
287	-45.5901
288	-44.2815
289	-42.9594
290	-41.6242
291	-40.2763
292	-38.9162
293	-37.5442
294	-36.1608
295	-34.7663
296	-33.3613
297	-31.9461
298	-30.5212
299	-29.087
300	-27.6439
301	-26.1924
302	-24.7329
303	-23.2659
304	-21.7918
305	-20.311
306	-18.8241
307	-17.3315
308	-15.8335
309	-14.3308
310	-12.8236
311	-11.3126
312	-9.79811
313	-8.28064
314	-6.76066
315	-5.23861
316	-3.71497
317	-2.19019
318	-0.664749
319	0.860896
320	2.38628
321	3.91093
322	5.4344
323	6.95621
324	8.4759
325	9.993
326	11.5071
327	13.0176
328	14.5242
329	16.0264
330	17.5237
331	19.0156
332	20.5018
333	21.9817
334	23.4549
335	24.921
336	26.3795
337	27.8299
338	29.2719
339	30.7049
340	32.1286
341	33.5425
342	34.9462
343	36.3393
344	37.7213
345	39.0918
346	40.4503
347	41.7966
348	43.1301
349	44.4505
350	45.7574
351	47.0503
352	48.3289
353	49.5927
354	50.8415
355	52.0747
356	53.2921
357	54.4933
358	55.6779
359	56.8455
360	57.9958
Phase Current ic
