Induced Winding Voltages at Rated Speed
Air-Gap Position (elec. degrees)
Voltage (V)
0	-284.589452
1	-285.453743
2	-286.027101
3	-286.409033
4	-286.657796
5	-286.832882
6	-286.954201
7	-287.035528
8	-287.082415
9	-287.098082
10	-287.082415
11	-287.035528
12	-286.954201
13	-286.832882
14	-286.657796
15	-286.409033
16	-286.027101
17	-285.453743
18	-284.589452
19	-283.443377
20	-281.827955
21	-279.000552
22	-276.106048
23	-272.201219
24	-267.474135
25	-262.776188
26	-258.512424
27	-255.464750
28	-252.904496
29	-251.077387
30	-249.234382
31	-248.190946
32	-247.159885
33	-246.097122
34	-245.025282
35	-244.321437
36	-243.488582
37	-242.467020
38	-241.155977
39	-239.563898
40	-237.502514
41	-234.391709
42	-231.258575
43	-227.112485
44	-222.140064
45	-217.191952
46	-212.671987
47	-209.359928
48	-206.525356
49	-204.420084
50	-202.343601
51	-201.048159
52	-199.741350
53	-198.371830
54	-196.946506
55	-195.821579
56	-194.439945
57	-192.691181
58	-190.369163
59	-187.488126
60	-183.672972
61	-177.600926
62	-171.440192
63	-163.254292
64	-153.429410
65	-143.668937
66	-134.783938
67	-128.340176
68	-122.882043
69	-118.911093
70	-114.924527
71	-112.548407
72	-110.221691
73	-107.863549
74	-105.535235
75	-104.012097
76	-102.360426
77	-100.529371
78	-98.367246
79	-95.761917
80	-92.688822
81	-88.731299
82	-84.795727
83	-79.841636
84	-74.065820
85	-67.882871
86	-62.095954
87	-57.525478
88	-53.406014
89	-49.217535
90	-45.073512
91	-40.975666
92	-36.392662
93	-30.553529
94	-24.264968
95	-18.310321
96	-13.044736
97	-8.615603
98	-3.924319
99	0.000000
100	3.924319
101	8.615603
102	13.044736
103	18.310321
104	24.264968
105	30.553529
106	36.392662
107	40.975666
108	45.073512
109	49.217535
110	53.406014
111	57.525478
112	62.095954
113	67.882871
114	74.065820
115	79.841636
116	84.795727
117	88.731299
118	92.688822
119	95.761917
120	98.367246
121	100.529371
122	102.360426
123	104.012097
124	105.535235
125	107.863549
126	110.221691
127	112.548407
128	114.924527
129	118.911093
130	122.882043
131	128.340176
132	134.783938
133	143.668937
134	153.429410
135	163.254292
136	171.440192
137	177.600926
138	183.672972
139	187.488126
140	190.369163
141	192.691181
142	194.439945
143	195.821579
144	196.946506
145	198.371830
146	199.741350
147	201.048159
148	202.343601
149	204.420084
150	206.525356
151	209.359928
152	212.671987
153	217.191952
154	222.140064
155	227.112485
156	231.258575
157	234.391709
158	237.502514
159	239.563898
160	241.155977
161	242.467020
162	243.488582
163	244.321437
164	245.025282
165	246.097122
166	247.159885
167	248.190946
168	249.234382
169	251.077387
170	252.904496
171	255.464750
172	258.512424
173	262.776188
174	267.474135
175	272.201219
176	276.106048
177	279.000552
178	281.827955
179	283.443377
180	284.589452
181	285.453743
182	286.027101
183	286.409033
184	286.657796
185	286.832882
186	286.954201
187	287.035528
188	287.082415
189	287.098082
190	287.082415
191	287.035528
192	286.954201
193	286.832882
194	286.657796
195	286.409033
196	286.027101
197	285.453743
198	284.589452
199	283.443377
200	281.827955
201	279.000552
202	276.106048
203	272.201219
204	267.474135
205	262.776188
206	258.512424
207	255.464750
208	252.904496
209	251.077387
210	249.234382
211	248.190946
212	247.159885
213	246.097122
214	245.025282
215	244.321437
216	243.488582
217	242.467020
218	241.155977
219	239.563898
220	237.502514
221	234.391709
222	231.258575
223	227.112485
224	222.140064
225	217.191952
226	212.671987
227	209.359928
228	206.525356
229	204.420084
230	202.343601
231	201.048159
232	199.741350
233	198.371830
234	196.946506
235	195.821579
236	194.439945
237	192.691181
238	190.369163
239	187.488126
240	183.672972
241	177.600926
242	171.440192
243	163.254292
244	153.429410
245	143.668937
246	134.783938
247	128.340176
248	122.882043
249	118.911093
250	114.924527
251	112.548407
252	110.221691
253	107.863549
254	105.535235
255	104.012097
256	102.360426
257	100.529371
258	98.367246
259	95.761917
260	92.688822
261	88.731299
262	84.795727
263	79.841636
264	74.065820
265	67.882871
266	62.095954
267	57.525478
268	53.406014
269	49.217535
270	45.073512
271	40.975666
272	36.392662
273	30.553529
274	24.264968
275	18.310321
276	13.044736
277	8.615603
278	3.924319
279	0.000000
280	-3.924319
281	-8.615603
282	-13.044736
283	-18.310321
284	-24.264968
285	-30.553529
286	-36.392662
287	-40.975666
288	-45.073512
289	-49.217535
290	-53.406014
291	-57.525478
292	-62.095954
293	-67.882871
294	-74.065820
295	-79.841636
296	-84.795727
297	-88.731299
298	-92.688822
299	-95.761917
300	-98.367246
301	-100.529371
302	-102.360426
303	-104.012097
304	-105.535235
305	-107.863549
306	-110.221691
307	-112.548407
308	-114.924527
309	-118.911093
310	-122.882043
311	-128.340176
312	-134.783938
313	-143.668937
314	-153.429410
315	-163.254292
316	-171.440192
317	-177.600926
318	-183.672972
319	-187.488126
320	-190.369163
321	-192.691181
322	-194.439945
323	-195.821579
324	-196.946506
325	-198.371830
326	-199.741350
327	-201.048159
328	-202.343601
329	-204.420084
330	-206.525356
331	-209.359928
332	-212.671987
333	-217.191952
334	-222.140064
335	-227.112485
336	-231.258575
337	-234.391709
338	-237.502514
339	-239.563898
340	-241.155977
341	-242.467020
342	-243.488582
343	-244.321437
344	-245.025282
345	-246.097122
346	-247.159885
347	-248.190946
348	-249.234382
349	-251.077387
350	-252.904496
351	-255.464750
352	-258.512424
353	-262.776188
354	-267.474135
355	-272.201219
356	-276.106048
357	-279.000552
358	-281.827955
359	-283.443377
360	-284.589452
Phase Voltage ea
0	-468.262424
1	-463.054670
2	-457.467293
3	-449.663326
4	-440.087206
5	-430.501819
6	-421.738139
7	-415.375704
8	-409.964458
9	-406.009175
10	-402.006942
11	-399.583935
12	-397.175892
13	-394.696431
14	-392.193031
15	-390.421130
16	-388.387527
17	-385.983115
18	-382.956698
19	-379.205294
20	-374.516777
21	-367.731851
22	-360.901775
23	-352.042855
24	-341.539956
25	-330.659059
26	-320.608378
27	-312.990228
28	-306.310509
29	-300.294922
30	-294.307894
31	-289.166612
32	-283.552548
33	-276.650650
34	-269.290251
35	-262.631758
36	-256.533318
37	-251.082623
38	-245.080296
39	-239.563898
40	-233.578195
41	-225.776105
42	-218.213840
43	-208.802164
44	-197.875096
45	-186.638424
46	-176.279325
47	-168.384261
48	-161.451844
49	-155.202549
50	-148.937587
51	-143.522681
52	-137.645397
53	-130.488959
54	-122.880686
55	-115.979943
56	-109.644218
57	-103.959882
58	-97.680341
59	-91.726208
60	-85.305726
61	-77.071555
62	-69.079766
63	-59.242196
64	-47.894175
65	-35.805388
66	-24.562246
67	-15.791769
68	-7.957516
69	0.000000
70	7.957516
71	15.791769
72	24.562246
73	35.805388
74	47.894175
75	59.242196
76	69.079766
77	77.071555
78	85.305726
79	91.726208
80	97.680341
81	103.959882
82	109.644218
83	115.979943
84	122.880686
85	130.488959
86	137.645397
87	143.522681
88	148.937587
89	155.202549
90	161.451844
91	168.384261
92	176.279325
93	186.638424
94	197.875096
95	208.802164
96	218.213840
97	225.776105
98	233.578195
99	239.563898
100	245.080296
101	251.082623
102	256.533318
103	262.631758
104	269.290251
105	276.650650
106	283.552548
107	289.166612
108	294.307894
109	300.294922
110	306.310509
111	312.990228
112	320.608378
113	330.659059
114	341.539956
115	352.042855
116	360.901775
117	367.731851
118	374.516777
119	379.205294
120	382.956698
121	385.983115
122	388.387527
123	390.421130
124	392.193031
125	394.696431
126	397.175892
127	399.583935
128	402.006942
129	406.009175
130	409.964458
131	415.375704
132	421.738139
133	430.501819
134	440.087206
135	449.663326
136	457.467293
137	463.054670
138	468.262424
139	470.931503
140	472.197118
141	471.691733
142	470.545993
143	468.022798
144	464.420642
145	461.148018
146	458.253775
147	456.512910
148	455.248097
149	455.497471
150	455.759738
151	457.550874
152	459.831873
153	463.289074
154	467.165346
155	471.433922
156	474.747158
157	476.858728
158	478.658491
159	479.127796
160	478.658491
161	476.858728
162	474.747158
163	471.433922
164	467.165346
165	463.289074
166	459.831873
167	457.550874
168	455.759738
169	455.497471
170	455.248097
171	456.512910
172	458.253775
173	461.148018
174	464.420642
175	468.022798
176	470.545993
177	471.691733
178	472.197118
179	470.931503
180	468.262424
181	463.054670
182	457.467293
183	449.663326
184	440.087206
185	430.501819
186	421.738139
187	415.375704
188	409.964458
189	406.009175
190	402.006942
191	399.583935
192	397.175892
193	394.696431
194	392.193031
195	390.421130
196	388.387527
197	385.983115
198	382.956698
199	379.205294
200	374.516777
201	367.731851
202	360.901775
203	352.042855
204	341.539956
205	330.659059
206	320.608378
207	312.990228
208	306.310509
209	300.294922
210	294.307894
211	289.166612
212	283.552548
213	276.650650
214	269.290251
215	262.631758
216	256.533318
217	251.082623
218	245.080296
219	239.563898
220	233.578195
221	225.776105
222	218.213840
223	208.802164
224	197.875096
225	186.638424
226	176.279325
227	168.384261
228	161.451844
229	155.202549
230	148.937587
231	143.522681
232	137.645397
233	130.488959
234	122.880686
235	115.979943
236	109.644218
237	103.959882
238	97.680341
239	91.726208
240	85.305726
241	77.071555
242	69.079766
243	59.242196
244	47.894175
245	35.805388
246	24.562246
247	15.791769
248	7.957516
249	-0.000000
250	-7.957516
251	-15.791769
252	-24.562246
253	-35.805388
254	-47.894175
255	-59.242196
256	-69.079766
257	-77.071555
258	-85.305726
259	-91.726208
260	-97.680341
261	-103.959882
262	-109.644218
263	-115.979943
264	-122.880686
265	-130.488959
266	-137.645397
267	-143.522681
268	-148.937587
269	-155.202549
270	-161.451844
271	-168.384261
272	-176.279325
273	-186.638424
274	-197.875096
275	-208.802164
276	-218.213840
277	-225.776105
278	-233.578195
279	-239.563898
280	-245.080296
281	-251.082623
282	-256.533318
283	-262.631758
284	-269.290251
285	-276.650650
286	-283.552548
287	-289.166612
288	-294.307894
289	-300.294922
290	-306.310509
291	-312.990228
292	-320.608378
293	-330.659059
294	-341.539956
295	-352.042855
296	-360.901775
297	-367.731851
298	-374.516777
299	-379.205294
300	-382.956698
301	-385.983115
302	-388.387527
303	-390.421130
304	-392.193031
305	-394.696431
306	-397.175892
307	-399.583935
308	-402.006942
309	-406.009175
310	-409.964458
311	-415.375704
312	-421.738139
313	-430.501819
314	-440.087206
315	-449.663326
316	-457.467293
317	-463.054670
318	-468.262424
319	-470.931503
320	-472.197118
321	-471.691733
322	-470.545993
323	-468.022798
324	-464.420642
325	-461.148018
326	-458.253775
327	-456.512910
328	-455.248097
329	-455.497471
330	-455.759738
331	-457.550874
332	-459.831873
333	-463.289074
334	-467.165346
335	-471.433922
336	-474.747158
337	-476.858728
338	-478.658491
339	-479.127796
340	-478.658491
341	-476.858728
342	-474.747158
343	-471.433922
344	-467.165346
345	-463.289074
346	-459.831873
347	-457.550874
348	-455.759738
349	-455.497471
350	-455.248097
351	-456.512910
352	-458.253775
353	-461.148018
354	-464.420642
355	-468.022798
356	-470.545993
357	-471.691733
358	-472.197118
359	-470.931503
360	-468.262424
Line Voltage eab
