Winding Currents under Load 
Air-Gap Position (elec. degrees)
Current (A)
0	-89.8548
1	-89.5607
2	-89.2393
3	-88.8907
4	-88.515
5	-88.1124
6	-87.6829
7	-87.2268
8	-86.744
9	-86.2348
10	-85.6994
11	-85.1378
12	-84.5504
13	-83.9371
14	-83.2983
15	-82.6342
16	-81.9448
17	-81.2305
18	-80.4915
19	-79.7279
20	-78.94
21	-78.1281
22	-77.2924
23	-76.4332
24	-75.5507
25	-74.6451
26	-73.7168
27	-72.7661
28	-71.7932
29	-70.7985
30	-69.7821
31	-68.7445
32	-67.686
33	-66.6069
34	-65.5074
35	-64.388
36	-63.249
37	-62.0908
38	-60.9136
39	-59.7178
40	-58.5039
41	-57.2722
42	-56.023
43	-54.7567
44	-53.4738
45	-52.1745
46	-50.8594
47	-49.5288
48	-48.1831
49	-46.8227
50	-45.4481
51	-44.0596
52	-42.6577
53	-41.2428
54	-39.8153
55	-38.3758
56	-36.9245
57	-35.462
58	-33.9886
59	-32.5049
60	-31.0114
61	-29.5083
62	-27.9963
63	-26.4758
64	-24.9472
65	-23.4109
66	-21.8676
67	-20.3176
68	-18.7614
69	-17.1995
70	-15.6324
71	-14.0604
72	-12.4843
73	-10.9043
74	-9.32095
75	-7.7348
76	-6.14629
77	-4.55591
78	-2.96414
79	-1.37146
80	0.221626
81	1.81465
82	3.40712
83	4.99855
84	6.58846
85	8.17636
86	9.76178
87	11.3442
88	12.9232
89	14.4982
90	16.0689
91	17.6346
92	19.195
93	20.7495
94	22.2977
95	23.8391
96	25.3732
97	26.8996
98	28.4179
99	29.9274
100	31.4279
101	32.9188
102	34.3996
103	35.87
104	37.3294
105	38.7775
106	40.2137
107	41.6377
108	43.0491
109	44.4473
110	45.832
111	47.2027
112	48.559
113	49.9006
114	51.2269
115	52.5376
116	53.8324
117	55.1107
118	56.3723
119	57.6166
120	58.8435
121	60.0524
122	61.243
123	62.4149
124	63.5679
125	64.7015
126	65.8153
127	66.9092
128	67.9826
129	69.0353
130	70.067
131	71.0774
132	72.0661
133	73.0329
134	73.9774
135	74.8994
136	75.7985
137	76.6746
138	77.5273
139	78.3564
140	79.1617
141	79.9428
142	80.6995
143	81.4317
144	82.1391
145	82.8215
146	83.4786
147	84.1103
148	84.7164
149	85.2967
150	85.851
151	86.3791
152	86.881
153	87.3563
154	87.8051
155	88.2271
156	88.6223
157	88.9904
158	89.3314
159	89.6453
160	89.9318
161	90.1909
162	90.4226
163	90.6267
164	90.8032
165	90.952
166	91.0732
167	91.1666
168	91.2322
169	91.27
170	91.2801
171	91.2623
172	91.2167
173	91.1434
174	91.0422
175	90.9134
176	90.7568
177	90.5727
178	90.3609
179	90.1216
180	89.8548
181	89.5607
182	89.2393
183	88.8907
184	88.515
185	88.1124
186	87.6829
187	87.2268
188	86.744
189	86.2348
190	85.6994
191	85.1378
192	84.5504
193	83.9371
194	83.2983
195	82.6342
196	81.9448
197	81.2305
198	80.4915
199	79.7279
200	78.94
201	78.1281
202	77.2924
203	76.4332
204	75.5507
205	74.6451
206	73.7168
207	72.7661
208	71.7932
209	70.7985
210	69.7821
211	68.7445
212	67.686
213	66.6069
214	65.5074
215	64.388
216	63.249
217	62.0908
218	60.9136
219	59.7178
220	58.5039
221	57.2722
222	56.023
223	54.7567
224	53.4738
225	52.1745
226	50.8594
227	49.5288
228	48.1831
229	46.8227
230	45.4481
231	44.0596
232	42.6577
233	41.2428
234	39.8153
235	38.3758
236	36.9245
237	35.462
238	33.9886
239	32.5049
240	31.0114
241	29.5083
242	27.9963
243	26.4758
244	24.9472
245	23.4109
246	21.8676
247	20.3176
248	18.7614
249	17.1995
250	15.6324
251	14.0604
252	12.4843
253	10.9043
254	9.32095
255	7.7348
256	6.14629
257	4.55591
258	2.96414
259	1.37146
260	-0.221626
261	-1.81465
262	-3.40712
263	-4.99855
264	-6.58846
265	-8.17636
266	-9.76178
267	-11.3442
268	-12.9232
269	-14.4982
270	-16.0689
271	-17.6346
272	-19.195
273	-20.7495
274	-22.2977
275	-23.8391
276	-25.3732
277	-26.8996
278	-28.4179
279	-29.9274
280	-31.4279
281	-32.9188
282	-34.3996
283	-35.87
284	-37.3294
285	-38.7775
286	-40.2137
287	-41.6377
288	-43.0491
289	-44.4473
290	-45.832
291	-47.2027
292	-48.559
293	-49.9006
294	-51.2269
295	-52.5376
296	-53.8324
297	-55.1107
298	-56.3723
299	-57.6166
300	-58.8435
301	-60.0524
302	-61.243
303	-62.4149
304	-63.5679
305	-64.7015
306	-65.8153
307	-66.9092
308	-67.9826
309	-69.0353
310	-70.067
311	-71.0774
312	-72.0661
313	-73.0329
314	-73.9774
315	-74.8994
316	-75.7985
317	-76.6746
318	-77.5273
319	-78.3564
320	-79.1617
321	-79.9428
322	-80.6995
323	-81.4317
324	-82.1391
325	-82.8215
326	-83.4786
327	-84.1103
328	-84.7164
329	-85.2967
330	-85.851
331	-86.3791
332	-86.881
333	-87.3563
334	-87.8051
335	-88.2271
336	-88.6223
337	-88.9904
338	-89.3314
339	-89.6453
340	-89.9318
341	-90.1909
342	-90.4226
343	-90.6267
344	-90.8032
345	-90.952
346	-91.0732
347	-91.1666
348	-91.2322
349	-91.27
350	-91.2801
351	-91.2623
352	-91.2167
353	-91.1434
354	-91.0422
355	-90.9134
356	-90.7568
357	-90.5727
358	-90.3609
359	-90.1216
360	-89.8548
Phase Current ia
0	31.0114
1	29.5083
2	27.9963
3	26.4758
4	24.9472
5	23.4109
6	21.8676
7	20.3176
8	18.7614
9	17.1995
10	15.6324
11	14.0604
12	12.4843
13	10.9043
14	9.32095
15	7.7348
16	6.14629
17	4.55591
18	2.96414
19	1.37146
20	-0.221626
21	-1.81465
22	-3.40712
23	-4.99855
24	-6.58846
25	-8.17636
26	-9.76178
27	-11.3442
28	-12.9232
29	-14.4982
30	-16.0689
31	-17.6346
32	-19.195
33	-20.7495
34	-22.2977
35	-23.8391
36	-25.3732
37	-26.8996
38	-28.4179
39	-29.9274
40	-31.4279
41	-32.9188
42	-34.3996
43	-35.87
44	-37.3294
45	-38.7775
46	-40.2137
47	-41.6377
48	-43.0491
49	-44.4473
50	-45.832
51	-47.2027
52	-48.559
53	-49.9006
54	-51.2269
55	-52.5376
56	-53.8324
57	-55.1107
58	-56.3723
59	-57.6166
60	-58.8435
61	-60.0524
62	-61.243
63	-62.4149
64	-63.5679
65	-64.7015
66	-65.8153
67	-66.9092
68	-67.9826
69	-69.0353
70	-70.067
71	-71.0774
72	-72.0661
73	-73.0329
74	-73.9774
75	-74.8994
76	-75.7985
77	-76.6746
78	-77.5273
79	-78.3564
80	-79.1617
81	-79.9428
82	-80.6995
83	-81.4317
84	-82.1391
85	-82.8215
86	-83.4786
87	-84.1103
88	-84.7164
89	-85.2967
90	-85.851
91	-86.3791
92	-86.881
93	-87.3563
94	-87.8051
95	-88.2271
96	-88.6223
97	-88.9904
98	-89.3314
99	-89.6453
100	-89.9318
101	-90.1909
102	-90.4226
103	-90.6267
104	-90.8032
105	-90.952
106	-91.0732
107	-91.1666
108	-91.2322
109	-91.27
110	-91.2801
111	-91.2623
112	-91.2167
113	-91.1434
114	-91.0422
115	-90.9134
116	-90.7568
117	-90.5727
118	-90.3609
119	-90.1216
120	-89.8548
121	-89.5607
122	-89.2393
123	-88.8907
124	-88.515
125	-88.1124
126	-87.6829
127	-87.2268
128	-86.744
129	-86.2348
130	-85.6994
131	-85.1378
132	-84.5504
133	-83.9371
134	-83.2983
135	-82.6342
136	-81.9448
137	-81.2305
138	-80.4915
139	-79.7279
140	-78.94
141	-78.1281
142	-77.2924
143	-76.4332
144	-75.5507
145	-74.6451
146	-73.7168
147	-72.7661
148	-71.7932
149	-70.7985
150	-69.7821
151	-68.7445
152	-67.686
153	-66.6069
154	-65.5074
155	-64.388
156	-63.249
157	-62.0908
158	-60.9136
159	-59.7178
160	-58.5039
161	-57.2722
162	-56.023
163	-54.7567
164	-53.4738
165	-52.1745
166	-50.8594
167	-49.5288
168	-48.1831
169	-46.8227
170	-45.4481
171	-44.0596
172	-42.6577
173	-41.2428
174	-39.8153
175	-38.3758
176	-36.9245
177	-35.462
178	-33.9886
179	-32.5049
180	-31.0114
181	-29.5083
182	-27.9963
183	-26.4758
184	-24.9472
185	-23.4109
186	-21.8676
187	-20.3176
188	-18.7614
189	-17.1995
190	-15.6324
191	-14.0604
192	-12.4843
193	-10.9043
194	-9.32095
195	-7.7348
196	-6.14629
197	-4.55591
198	-2.96414
199	-1.37146
200	0.221626
201	1.81465
202	3.40712
203	4.99855
204	6.58846
205	8.17636
206	9.76178
207	11.3442
208	12.9232
209	14.4982
210	16.0689
211	17.6346
212	19.195
213	20.7495
214	22.2977
215	23.8391
216	25.3732
217	26.8996
218	28.4179
219	29.9274
220	31.4279
221	32.9188
222	34.3996
223	35.87
224	37.3294
225	38.7775
226	40.2137
227	41.6377
228	43.0491
229	44.4473
230	45.832
231	47.2027
232	48.559
233	49.9006
234	51.2269
235	52.5376
236	53.8324
237	55.1107
238	56.3723
239	57.6166
240	58.8435
241	60.0524
242	61.243
243	62.4149
244	63.5679
245	64.7015
246	65.8153
247	66.9092
248	67.9826
249	69.0353
250	70.067
251	71.0774
252	72.0661
253	73.0329
254	73.9774
255	74.8994
256	75.7985
257	76.6746
258	77.5273
259	78.3564
260	79.1617
261	79.9428
262	80.6995
263	81.4317
264	82.1391
265	82.8215
266	83.4786
267	84.1103
268	84.7164
269	85.2967
270	85.851
271	86.3791
272	86.881
273	87.3563
274	87.8051
275	88.2271
276	88.6223
277	88.9904
278	89.3314
279	89.6453
280	89.9318
281	90.1909
282	90.4226
283	90.6267
284	90.8032
285	90.952
286	91.0732
287	91.1666
288	91.2322
289	91.27
290	91.2801
291	91.2623
292	91.2167
293	91.1434
294	91.0422
295	90.9134
296	90.7568
297	90.5727
298	90.3609
299	90.1216
300	89.8548
301	89.5607
302	89.2393
303	88.8907
304	88.515
305	88.1124
306	87.6829
307	87.2268
308	86.744
309	86.2348
310	85.6994
311	85.1378
312	84.5504
313	83.9371
314	83.2983
315	82.6342
316	81.9448
317	81.2305
318	80.4915
319	79.7279
320	78.94
321	78.1281
322	77.2924
323	76.4332
324	75.5507
325	74.6451
326	73.7168
327	72.7661
328	71.7932
329	70.7985
330	69.7821
331	68.7445
332	67.686
333	66.6069
334	65.5074
335	64.388
336	63.249
337	62.0908
338	60.9136
339	59.7178
340	58.5039
341	57.2722
342	56.023
343	54.7567
344	53.4738
345	52.1745
346	50.8594
347	49.5288
348	48.1831
349	46.8227
350	45.4481
351	44.0596
352	42.6577
353	41.2428
354	39.8153
355	38.3758
356	36.9245
357	35.462
358	33.9886
359	32.5049
360	31.0114
Phase Current ib
0	58.8435
1	60.0524
2	61.243
3	62.4149
4	63.5679
5	64.7015
6	65.8153
7	66.9092
8	67.9826
9	69.0353
10	70.067
11	71.0774
12	72.0661
13	73.0329
14	73.9774
15	74.8994
16	75.7985
17	76.6746
18	77.5273
19	78.3564
20	79.1617
21	79.9428
22	80.6995
23	81.4317
24	82.1391
25	82.8215
26	83.4786
27	84.1103
28	84.7164
29	85.2967
30	85.851
31	86.3791
32	86.881
33	87.3563
34	87.8051
35	88.2271
36	88.6223
37	88.9904
38	89.3314
39	89.6453
40	89.9318
41	90.1909
42	90.4226
43	90.6267
44	90.8032
45	90.952
46	91.0732
47	91.1666
48	91.2322
49	91.27
50	91.2801
51	91.2623
52	91.2167
53	91.1434
54	91.0422
55	90.9134
56	90.7568
57	90.5727
58	90.3609
59	90.1216
60	89.8548
61	89.5607
62	89.2393
63	88.8907
64	88.515
65	88.1124
66	87.6829
67	87.2268
68	86.744
69	86.2348
70	85.6994
71	85.1378
72	84.5504
73	83.9371
74	83.2983
75	82.6342
76	81.9448
77	81.2305
78	80.4915
79	79.7279
80	78.94
81	78.1281
82	77.2924
83	76.4332
84	75.5507
85	74.6451
86	73.7168
87	72.7661
88	71.7932
89	70.7985
90	69.7821
91	68.7445
92	67.686
93	66.6069
94	65.5074
95	64.388
96	63.249
97	62.0908
98	60.9136
99	59.7178
100	58.5039
101	57.2722
102	56.023
103	54.7567
104	53.4738
105	52.1745
106	50.8594
107	49.5288
108	48.1831
109	46.8227
110	45.4481
111	44.0596
112	42.6577
113	41.2428
114	39.8153
115	38.3758
116	36.9245
117	35.462
118	33.9886
119	32.5049
120	31.0114
121	29.5083
122	27.9963
123	26.4758
124	24.9472
125	23.4109
126	21.8676
127	20.3176
128	18.7614
129	17.1995
130	15.6324
131	14.0604
132	12.4843
133	10.9043
134	9.32095
135	7.7348
136	6.14629
137	4.55591
138	2.96414
139	1.37146
140	-0.221626
141	-1.81465
142	-3.40712
143	-4.99855
144	-6.58846
145	-8.17636
146	-9.76178
147	-11.3442
148	-12.9232
149	-14.4982
150	-16.0689
151	-17.6346
152	-19.195
153	-20.7495
154	-22.2977
155	-23.8391
156	-25.3732
157	-26.8996
158	-28.4179
159	-29.9274
160	-31.4279
161	-32.9188
162	-34.3996
163	-35.87
164	-37.3294
165	-38.7775
166	-40.2137
167	-41.6377
168	-43.0491
169	-44.4473
170	-45.832
171	-47.2027
172	-48.559
173	-49.9006
174	-51.2269
175	-52.5376
176	-53.8324
177	-55.1107
178	-56.3723
179	-57.6166
180	-58.8435
181	-60.0524
182	-61.243
183	-62.4149
184	-63.5679
185	-64.7015
186	-65.8153
187	-66.9092
188	-67.9826
189	-69.0353
190	-70.067
191	-71.0774
192	-72.0661
193	-73.0329
194	-73.9774
195	-74.8994
196	-75.7985
197	-76.6746
198	-77.5273
199	-78.3564
200	-79.1617
201	-79.9428
202	-80.6995
203	-81.4317
204	-82.1391
205	-82.8215
206	-83.4786
207	-84.1103
208	-84.7164
209	-85.2967
210	-85.851
211	-86.3791
212	-86.881
213	-87.3563
214	-87.8051
215	-88.2271
216	-88.6223
217	-88.9904
218	-89.3314
219	-89.6453
220	-89.9318
221	-90.1909
222	-90.4226
223	-90.6267
224	-90.8032
225	-90.952
226	-91.0732
227	-91.1666
228	-91.2322
229	-91.27
230	-91.2801
231	-91.2623
232	-91.2167
233	-91.1434
234	-91.0422
235	-90.9134
236	-90.7568
237	-90.5727
238	-90.3609
239	-90.1216
240	-89.8548
241	-89.5607
242	-89.2393
243	-88.8907
244	-88.515
245	-88.1124
246	-87.6829
247	-87.2268
248	-86.744
249	-86.2348
250	-85.6994
251	-85.1378
252	-84.5504
253	-83.9371
254	-83.2983
255	-82.6342
256	-81.9448
257	-81.2305
258	-80.4915
259	-79.7279
260	-78.94
261	-78.1281
262	-77.2924
263	-76.4332
264	-75.5507
265	-74.6451
266	-73.7168
267	-72.7661
268	-71.7932
269	-70.7985
270	-69.7821
271	-68.7445
272	-67.686
273	-66.6069
274	-65.5074
275	-64.388
276	-63.249
277	-62.0908
278	-60.9136
279	-59.7178
280	-58.5039
281	-57.2722
282	-56.023
283	-54.7567
284	-53.4738
285	-52.1745
286	-50.8594
287	-49.5288
288	-48.1831
289	-46.8227
290	-45.4481
291	-44.0596
292	-42.6577
293	-41.2428
294	-39.8153
295	-38.3758
296	-36.9245
297	-35.462
298	-33.9886
299	-32.5049
300	-31.0114
301	-29.5083
302	-27.9963
303	-26.4758
304	-24.9472
305	-23.4109
306	-21.8676
307	-20.3176
308	-18.7614
309	-17.1995
310	-15.6324
311	-14.0604
312	-12.4843
313	-10.9043
314	-9.32095
315	-7.7348
316	-6.14629
317	-4.55591
318	-2.96414
319	-1.37146
320	0.221626
321	1.81465
322	3.40712
323	4.99855
324	6.58846
325	8.17636
326	9.76178
327	11.3442
328	12.9232
329	14.4982
330	16.0689
331	17.6346
332	19.195
333	20.7495
334	22.2977
335	23.8391
336	25.3732
337	26.8996
338	28.4179
339	29.9274
340	31.4279
341	32.9188
342	34.3996
343	35.87
344	37.3294
345	38.7775
346	40.2137
347	41.6377
348	43.0491
349	44.4473
350	45.832
351	47.2027
352	48.559
353	49.9006
354	51.2269
355	52.5376
356	53.8324
357	55.1107
358	56.3723
359	57.6166
360	58.8435
Phase Current ic
